origin_date,target,horizon,location,output_type,output_type_id,target_end_date,value
2016-03-05,ili perc,1,HHS Region 1,quantile,0.01,2016-03-12,1.0842477113355145
2016-03-05,ili perc,1,HHS Region 1,quantile,0.025,2016-03-12,1.2194173318226382
2016-03-05,ili perc,1,HHS Region 1,quantile,0.05,2016-03-12,1.3314763974992498
2016-03-05,ili perc,1,HHS Region 1,quantile,0.1,2016-03-12,1.451575839086462
2016-03-05,ili perc,1,HHS Region 1,quantile,0.15,2016-03-12,1.528150583377189
2016-03-05,ili perc,1,HHS Region 1,quantile,0.2,2016-03-12,1.5898092391136582
2016-03-05,ili perc,1,HHS Region 1,quantile,0.25,2016-03-12,1.6365372082711611
2016-03-05,ili perc,1,HHS Region 1,quantile,0.3,2016-03-12,1.672396866999002
2016-03-05,ili perc,1,HHS Region 1,quantile,0.35,2016-03-12,1.7076330227934755
2016-03-05,ili perc,1,HHS Region 1,quantile,0.4,2016-03-12,1.7414848274567951
2016-03-05,ili perc,1,HHS Region 1,quantile,0.45,2016-03-12,1.7800577785119702
2016-03-05,ili perc,1,HHS Region 1,quantile,0.5,2016-03-12,1.814583447839131
2016-03-05,ili perc,1,HHS Region 1,quantile,0.55,2016-03-12,1.8495477446521384
2016-03-05,ili perc,1,HHS Region 1,quantile,0.6,2016-03-12,1.883482332506584
2016-03-05,ili perc,1,HHS Region 1,quantile,0.65,2016-03-12,1.9230654205679676
2016-03-05,ili perc,1,HHS Region 1,quantile,0.7,2016-03-12,1.9629975573212917
2016-03-05,ili perc,1,HHS Region 1,quantile,0.75,2016-03-12,2.013105615618922
2016-03-05,ili perc,1,HHS Region 1,quantile,0.8,2016-03-12,2.070646492473934
2016-03-05,ili perc,1,HHS Region 1,quantile,0.85,2016-03-12,2.134446269873711
2016-03-05,ili perc,1,HHS Region 1,quantile,0.9,2016-03-12,2.237154381673744
2016-03-05,ili perc,1,HHS Region 1,quantile,0.95,2016-03-12,2.4175515063987123
2016-03-05,ili perc,1,HHS Region 1,quantile,0.975,2016-03-12,2.641555120458597
2016-03-05,ili perc,1,HHS Region 1,quantile,0.99,2016-03-12,3.891269568153013
2016-03-05,ili perc,2,HHS Region 1,quantile,0.01,2016-03-19,0.8182758156888454
2016-03-05,ili perc,2,HHS Region 1,quantile,0.025,2016-03-19,0.9849908388261844
2016-03-05,ili perc,2,HHS Region 1,quantile,0.05,2016-03-19,1.134136927968712
2016-03-05,ili perc,2,HHS Region 1,quantile,0.1,2016-03-19,1.2660052011100775
2016-03-05,ili perc,2,HHS Region 1,quantile,0.15,2016-03-19,1.3532018575833602
2016-03-05,ili perc,2,HHS Region 1,quantile,0.2,2016-03-19,1.4221154625906336
2016-03-05,ili perc,2,HHS Region 1,quantile,0.25,2016-03-19,1.478211330182799
2016-03-05,ili perc,2,HHS Region 1,quantile,0.3,2016-03-19,1.5299858336975252
2016-03-05,ili perc,2,HHS Region 1,quantile,0.35,2016-03-19,1.586717003409306
2016-03-05,ili perc,2,HHS Region 1,quantile,0.4,2016-03-19,1.63859024124469
2016-03-05,ili perc,2,HHS Region 1,quantile,0.45,2016-03-19,1.6834174497812997
2016-03-05,ili perc,2,HHS Region 1,quantile,0.5,2016-03-19,1.7323968217318877
2016-03-05,ili perc,2,HHS Region 1,quantile,0.55,2016-03-19,1.7796450499337555
2016-03-05,ili perc,2,HHS Region 1,quantile,0.6,2016-03-19,1.8344354522927884
2016-03-05,ili perc,2,HHS Region 1,quantile,0.65,2016-03-19,1.8836434760463907
2016-03-05,ili perc,2,HHS Region 1,quantile,0.7,2016-03-19,1.9422814482935231
2016-03-05,ili perc,2,HHS Region 1,quantile,0.75,2016-03-19,2.010852090348519
2016-03-05,ili perc,2,HHS Region 1,quantile,0.8,2016-03-19,2.0827135380851556
2016-03-05,ili perc,2,HHS Region 1,quantile,0.85,2016-03-19,2.183745538616993
2016-03-05,ili perc,2,HHS Region 1,quantile,0.9,2016-03-19,2.313429328970752
2016-03-05,ili perc,2,HHS Region 1,quantile,0.95,2016-03-19,2.594611190678447
2016-03-05,ili perc,2,HHS Region 1,quantile,0.975,2016-03-19,2.915671033079632
2016-03-05,ili perc,2,HHS Region 1,quantile,0.99,2016-03-19,4.211199324541787
2016-03-05,ili perc,3,HHS Region 1,quantile,0.01,2016-03-26,0.6960636554013818
2016-03-05,ili perc,3,HHS Region 1,quantile,0.025,2016-03-26,0.8394657692708465
2016-03-05,ili perc,3,HHS Region 1,quantile,0.05,2016-03-26,0.9636037938617528
2016-03-05,ili perc,3,HHS Region 1,quantile,0.1,2016-03-26,1.1050910713408737
2016-03-05,ili perc,3,HHS Region 1,quantile,0.15,2016-03-26,1.2046248210338253
2016-03-05,ili perc,3,HHS Region 1,quantile,0.2,2016-03-26,1.282871042729998
2016-03-05,ili perc,3,HHS Region 1,quantile,0.25,2016-03-26,1.3478547923388893
2016-03-05,ili perc,3,HHS Region 1,quantile,0.3,2016-03-26,1.4085143167824274
2016-03-05,ili perc,3,HHS Region 1,quantile,0.35,2016-03-26,1.4642507436548502
2016-03-05,ili perc,3,HHS Region 1,quantile,0.4,2016-03-26,1.531662118391245
2016-03-05,ili perc,3,HHS Region 1,quantile,0.45,2016-03-26,1.5833709024784337
2016-03-05,ili perc,3,HHS Region 1,quantile,0.5,2016-03-26,1.6439858133414196
2016-03-05,ili perc,3,HHS Region 1,quantile,0.55,2016-03-26,1.699225039817991
2016-03-05,ili perc,3,HHS Region 1,quantile,0.6,2016-03-26,1.7596535816419614
2016-03-05,ili perc,3,HHS Region 1,quantile,0.65,2016-03-26,1.8243271752327803
2016-03-05,ili perc,3,HHS Region 1,quantile,0.7,2016-03-26,1.898460910102299
2016-03-05,ili perc,3,HHS Region 1,quantile,0.75,2016-03-26,1.9888795753369857
2016-03-05,ili perc,3,HHS Region 1,quantile,0.8,2016-03-26,2.0858888596770586
2016-03-05,ili perc,3,HHS Region 1,quantile,0.85,2016-03-26,2.2094165551445757
2016-03-05,ili perc,3,HHS Region 1,quantile,0.9,2016-03-26,2.3708233837461834
2016-03-05,ili perc,3,HHS Region 1,quantile,0.95,2016-03-26,2.6515588473894613
2016-03-05,ili perc,3,HHS Region 1,quantile,0.975,2016-03-26,3.0636850454308155
2016-03-05,ili perc,3,HHS Region 1,quantile,0.99,2016-03-26,4.458754128157909
2016-03-05,ili perc,4,HHS Region 1,quantile,0.01,2016-04-02,0.6305353923622218
2016-03-05,ili perc,4,HHS Region 1,quantile,0.025,2016-04-02,0.7548792715715666
2016-03-05,ili perc,4,HHS Region 1,quantile,0.05,2016-04-02,0.903338718946718
2016-03-05,ili perc,4,HHS Region 1,quantile,0.1,2016-04-02,1.0514341078886889
2016-03-05,ili perc,4,HHS Region 1,quantile,0.15,2016-04-02,1.149938491009587
2016-03-05,ili perc,4,HHS Region 1,quantile,0.2,2016-04-02,1.2379930290175585
2016-03-05,ili perc,4,HHS Region 1,quantile,0.25,2016-04-02,1.3269501296165156
2016-03-05,ili perc,4,HHS Region 1,quantile,0.3,2016-04-02,1.3954791035397742
2016-03-05,ili perc,4,HHS Region 1,quantile,0.35,2016-04-02,1.4688627591803165
2016-03-05,ili perc,4,HHS Region 1,quantile,0.4,2016-04-02,1.5329732408265269
2016-03-05,ili perc,4,HHS Region 1,quantile,0.45,2016-04-02,1.5957239758478663
2016-03-05,ili perc,4,HHS Region 1,quantile,0.5,2016-04-02,1.661615815422148
2016-03-05,ili perc,4,HHS Region 1,quantile,0.55,2016-04-02,1.731815524044797
2016-03-05,ili perc,4,HHS Region 1,quantile,0.6,2016-04-02,1.8029485915533263
2016-03-05,ili perc,4,HHS Region 1,quantile,0.65,2016-04-02,1.8837071373783765
2016-03-05,ili perc,4,HHS Region 1,quantile,0.7,2016-04-02,1.9795719745206897
2016-03-05,ili perc,4,HHS Region 1,quantile,0.75,2016-04-02,2.075882400827641
2016-03-05,ili perc,4,HHS Region 1,quantile,0.8,2016-04-02,2.206300808789423
2016-03-05,ili perc,4,HHS Region 1,quantile,0.85,2016-04-02,2.360828091957329
2016-03-05,ili perc,4,HHS Region 1,quantile,0.9,2016-04-02,2.552085682990978
2016-03-05,ili perc,4,HHS Region 1,quantile,0.95,2016-04-02,2.921479588869406
2016-03-05,ili perc,4,HHS Region 1,quantile,0.975,2016-04-02,3.3879627074113587
2016-03-05,ili perc,4,HHS Region 1,quantile,0.99,2016-04-02,4.893766792499942
2016-03-05,ili perc,1,HHS Region 10,quantile,0.01,2016-03-12,0.8210726919620972
2016-03-05,ili perc,1,HHS Region 10,quantile,0.025,2016-03-12,1.00891346807339
2016-03-05,ili perc,1,HHS Region 10,quantile,0.05,2016-03-12,1.1383037016390627
2016-03-05,ili perc,1,HHS Region 10,quantile,0.1,2016-03-12,1.2805935413284362
2016-03-05,ili perc,1,HHS Region 10,quantile,0.15,2016-03-12,1.4023523288724564
2016-03-05,ili perc,1,HHS Region 10,quantile,0.2,2016-03-12,1.4957689413369486
2016-03-05,ili perc,1,HHS Region 10,quantile,0.25,2016-03-12,1.5807503332679245
2016-03-05,ili perc,1,HHS Region 10,quantile,0.3,2016-03-12,1.6563852066628413
2016-03-05,ili perc,1,HHS Region 10,quantile,0.35,2016-03-12,1.722236229056176
2016-03-05,ili perc,1,HHS Region 10,quantile,0.4,2016-03-12,1.789202829991998
2016-03-05,ili perc,1,HHS Region 10,quantile,0.45,2016-03-12,1.8630870714325276
2016-03-05,ili perc,1,HHS Region 10,quantile,0.5,2016-03-12,1.929503481230482
2016-03-05,ili perc,1,HHS Region 10,quantile,0.55,2016-03-12,2.0143143884086716
2016-03-05,ili perc,1,HHS Region 10,quantile,0.6,2016-03-12,2.084462196537426
2016-03-05,ili perc,1,HHS Region 10,quantile,0.65,2016-03-12,2.1716493176090315
2016-03-05,ili perc,1,HHS Region 10,quantile,0.7,2016-03-12,2.246620497380696
2016-03-05,ili perc,1,HHS Region 10,quantile,0.75,2016-03-12,2.3416086438190926
2016-03-05,ili perc,1,HHS Region 10,quantile,0.8,2016-03-12,2.456222863900468
2016-03-05,ili perc,1,HHS Region 10,quantile,0.85,2016-03-12,2.629389768471691
2016-03-05,ili perc,1,HHS Region 10,quantile,0.9,2016-03-12,2.870941563774956
2016-03-05,ili perc,1,HHS Region 10,quantile,0.95,2016-03-12,3.2377133935674336
2016-03-05,ili perc,1,HHS Region 10,quantile,0.975,2016-03-12,3.7210755379285296
2016-03-05,ili perc,1,HHS Region 10,quantile,0.99,2016-03-12,5.341055359546083
2016-03-05,ili perc,2,HHS Region 10,quantile,0.01,2016-03-19,0.5339205328630616
2016-03-05,ili perc,2,HHS Region 10,quantile,0.025,2016-03-19,0.7629375898668691
2016-03-05,ili perc,2,HHS Region 10,quantile,0.05,2016-03-19,0.9071463921379438
2016-03-05,ili perc,2,HHS Region 10,quantile,0.1,2016-03-19,1.100828124164143
2016-03-05,ili perc,2,HHS Region 10,quantile,0.15,2016-03-19,1.2302108408682244
2016-03-05,ili perc,2,HHS Region 10,quantile,0.2,2016-03-19,1.3517517595314656
2016-03-05,ili perc,2,HHS Region 10,quantile,0.25,2016-03-19,1.449093361655077
2016-03-05,ili perc,2,HHS Region 10,quantile,0.3,2016-03-19,1.547338509647492
2016-03-05,ili perc,2,HHS Region 10,quantile,0.35,2016-03-19,1.635918568581591
2016-03-05,ili perc,2,HHS Region 10,quantile,0.4,2016-03-19,1.7285416678249013
2016-03-05,ili perc,2,HHS Region 10,quantile,0.45,2016-03-19,1.8016940182463983
2016-03-05,ili perc,2,HHS Region 10,quantile,0.5,2016-03-19,1.8825653251223615
2016-03-05,ili perc,2,HHS Region 10,quantile,0.55,2016-03-19,1.9665998843958816
2016-03-05,ili perc,2,HHS Region 10,quantile,0.6,2016-03-19,2.055281214438422
2016-03-05,ili perc,2,HHS Region 10,quantile,0.65,2016-03-19,2.1607545316226413
2016-03-05,ili perc,2,HHS Region 10,quantile,0.7,2016-03-19,2.2707561221686694
2016-03-05,ili perc,2,HHS Region 10,quantile,0.75,2016-03-19,2.3951445953024892
2016-03-05,ili perc,2,HHS Region 10,quantile,0.8,2016-03-19,2.53325464300906
2016-03-05,ili perc,2,HHS Region 10,quantile,0.85,2016-03-19,2.742958078479784
2016-03-05,ili perc,2,HHS Region 10,quantile,0.9,2016-03-19,3.0334581960731497
2016-03-05,ili perc,2,HHS Region 10,quantile,0.95,2016-03-19,3.5454325800948987
2016-03-05,ili perc,2,HHS Region 10,quantile,0.975,2016-03-19,4.156415821150863
2016-03-05,ili perc,2,HHS Region 10,quantile,0.99,2016-03-19,5.84860979115711
2016-03-05,ili perc,3,HHS Region 10,quantile,0.01,2016-03-26,0.4051623013406416
2016-03-05,ili perc,3,HHS Region 10,quantile,0.025,2016-03-26,0.5644766509669359
2016-03-05,ili perc,3,HHS Region 10,quantile,0.05,2016-03-26,0.6919040135719304
2016-03-05,ili perc,3,HHS Region 10,quantile,0.1,2016-03-26,0.8755256654795135
2016-03-05,ili perc,3,HHS Region 10,quantile,0.15,2016-03-26,1.019202521949668
2016-03-05,ili perc,3,HHS Region 10,quantile,0.2,2016-03-26,1.159792023187595
2016-03-05,ili perc,3,HHS Region 10,quantile,0.25,2016-03-26,1.2704470872472082
2016-03-05,ili perc,3,HHS Region 10,quantile,0.3,2016-03-26,1.3721798524180435
2016-03-05,ili perc,3,HHS Region 10,quantile,0.35,2016-03-26,1.481158290106856
2016-03-05,ili perc,3,HHS Region 10,quantile,0.4,2016-03-26,1.5868461126987523
2016-03-05,ili perc,3,HHS Region 10,quantile,0.45,2016-03-26,1.6922903328678347
2016-03-05,ili perc,3,HHS Region 10,quantile,0.5,2016-03-26,1.782310420121538
2016-03-05,ili perc,3,HHS Region 10,quantile,0.55,2016-03-26,1.8787016404932164
2016-03-05,ili perc,3,HHS Region 10,quantile,0.6,2016-03-26,1.9919940609770688
2016-03-05,ili perc,3,HHS Region 10,quantile,0.65,2016-03-26,2.097252827673168
2016-03-05,ili perc,3,HHS Region 10,quantile,0.7,2016-03-26,2.2405261567627908
2016-03-05,ili perc,3,HHS Region 10,quantile,0.75,2016-03-26,2.3901962706461335
2016-03-05,ili perc,3,HHS Region 10,quantile,0.8,2016-03-26,2.5601628525881512
2016-03-05,ili perc,3,HHS Region 10,quantile,0.85,2016-03-26,2.797453974724903
2016-03-05,ili perc,3,HHS Region 10,quantile,0.9,2016-03-26,3.126077865744624
2016-03-05,ili perc,3,HHS Region 10,quantile,0.95,2016-03-26,3.710967614873537
2016-03-05,ili perc,3,HHS Region 10,quantile,0.975,2016-03-26,4.664142874154739
2016-03-05,ili perc,3,HHS Region 10,quantile,0.99,2016-03-26,6.190764444898531
2016-03-05,ili perc,4,HHS Region 10,quantile,0.01,2016-04-02,0.363700847535796
2016-03-05,ili perc,4,HHS Region 10,quantile,0.025,2016-04-02,0.4877723497562465
2016-03-05,ili perc,4,HHS Region 10,quantile,0.05,2016-04-02,0.6416800578135827
2016-03-05,ili perc,4,HHS Region 10,quantile,0.1,2016-04-02,0.8225616511008674
2016-03-05,ili perc,4,HHS Region 10,quantile,0.15,2016-04-02,0.9841473643777284
2016-03-05,ili perc,4,HHS Region 10,quantile,0.2,2016-04-02,1.1211585618992728
2016-03-05,ili perc,4,HHS Region 10,quantile,0.25,2016-04-02,1.2287064927501998
2016-03-05,ili perc,4,HHS Region 10,quantile,0.3,2016-04-02,1.3199100691093295
2016-03-05,ili perc,4,HHS Region 10,quantile,0.35,2016-04-02,1.4212441990385944
2016-03-05,ili perc,4,HHS Region 10,quantile,0.4,2016-04-02,1.513364130419477
2016-03-05,ili perc,4,HHS Region 10,quantile,0.45,2016-04-02,1.607440322864496
2016-03-05,ili perc,4,HHS Region 10,quantile,0.5,2016-04-02,1.709621447562707
2016-03-05,ili perc,4,HHS Region 10,quantile,0.55,2016-04-02,1.803080707511365
2016-03-05,ili perc,4,HHS Region 10,quantile,0.6,2016-04-02,1.9128895115381068
2016-03-05,ili perc,4,HHS Region 10,quantile,0.65,2016-04-02,2.0497380106888134
2016-03-05,ili perc,4,HHS Region 10,quantile,0.7,2016-04-02,2.189127932334306
2016-03-05,ili perc,4,HHS Region 10,quantile,0.75,2016-04-02,2.330111905834441
2016-03-05,ili perc,4,HHS Region 10,quantile,0.8,2016-04-02,2.5215202852932443
2016-03-05,ili perc,4,HHS Region 10,quantile,0.85,2016-04-02,2.787349347950576
2016-03-05,ili perc,4,HHS Region 10,quantile,0.9,2016-04-02,3.1949059352251825
2016-03-05,ili perc,4,HHS Region 10,quantile,0.95,2016-04-02,3.9762679331405866
2016-03-05,ili perc,4,HHS Region 10,quantile,0.975,2016-04-02,4.777116611649035
2016-03-05,ili perc,4,HHS Region 10,quantile,0.99,2016-04-02,6.6264239603592365
2016-03-05,ili perc,1,HHS Region 2,quantile,0.01,2016-03-12,2.4850753543613644
2016-03-05,ili perc,1,HHS Region 2,quantile,0.025,2016-03-12,2.73525624832149
2016-03-05,ili perc,1,HHS Region 2,quantile,0.05,2016-03-12,2.8878265717572154
2016-03-05,ili perc,1,HHS Region 2,quantile,0.1,2016-03-12,3.0729074059745605
2016-03-05,ili perc,1,HHS Region 2,quantile,0.15,2016-03-12,3.182561563396701
2016-03-05,ili perc,1,HHS Region 2,quantile,0.2,2016-03-12,3.2744314350567287
2016-03-05,ili perc,1,HHS Region 2,quantile,0.25,2016-03-12,3.3525065909551053
2016-03-05,ili perc,1,HHS Region 2,quantile,0.3,2016-03-12,3.4122253184192473
2016-03-05,ili perc,1,HHS Region 2,quantile,0.35,2016-03-12,3.480740142428316
2016-03-05,ili perc,1,HHS Region 2,quantile,0.4,2016-03-12,3.5335661595952277
2016-03-05,ili perc,1,HHS Region 2,quantile,0.45,2016-03-12,3.594390295517275
2016-03-05,ili perc,1,HHS Region 2,quantile,0.5,2016-03-12,3.6490446325058943
2016-03-05,ili perc,1,HHS Region 2,quantile,0.55,2016-03-12,3.714360226514751
2016-03-05,ili perc,1,HHS Region 2,quantile,0.6,2016-03-12,3.7819270858771006
2016-03-05,ili perc,1,HHS Region 2,quantile,0.65,2016-03-12,3.851151106038834
2016-03-05,ili perc,1,HHS Region 2,quantile,0.7,2016-03-12,3.922321452492557
2016-03-05,ili perc,1,HHS Region 2,quantile,0.75,2016-03-12,4.003985634333182
2016-03-05,ili perc,1,HHS Region 2,quantile,0.8,2016-03-12,4.083953019359409
2016-03-05,ili perc,1,HHS Region 2,quantile,0.85,2016-03-12,4.181197728109418
2016-03-05,ili perc,1,HHS Region 2,quantile,0.9,2016-03-12,4.330907711381012
2016-03-05,ili perc,1,HHS Region 2,quantile,0.95,2016-03-12,4.589578486848535
2016-03-05,ili perc,1,HHS Region 2,quantile,0.975,2016-03-12,4.951073225178019
2016-03-05,ili perc,1,HHS Region 2,quantile,0.99,2016-03-12,5.629891261046228
2016-03-05,ili perc,2,HHS Region 2,quantile,0.01,2016-03-19,2.0295080192113715
2016-03-05,ili perc,2,HHS Region 2,quantile,0.025,2016-03-19,2.245805714592222
2016-03-05,ili perc,2,HHS Region 2,quantile,0.05,2016-03-19,2.4357616440949
2016-03-05,ili perc,2,HHS Region 2,quantile,0.1,2016-03-19,2.6523031216395068
2016-03-05,ili perc,2,HHS Region 2,quantile,0.15,2016-03-19,2.801799116668848
2016-03-05,ili perc,2,HHS Region 2,quantile,0.2,2016-03-19,2.923937249038533
2016-03-05,ili perc,2,HHS Region 2,quantile,0.25,2016-03-19,3.035586843268363
2016-03-05,ili perc,2,HHS Region 2,quantile,0.3,2016-03-19,3.135178270035784
2016-03-05,ili perc,2,HHS Region 2,quantile,0.35,2016-03-19,3.236161760624198
2016-03-05,ili perc,2,HHS Region 2,quantile,0.4,2016-03-19,3.3144398320436443
2016-03-05,ili perc,2,HHS Region 2,quantile,0.45,2016-03-19,3.397082683226926
2016-03-05,ili perc,2,HHS Region 2,quantile,0.5,2016-03-19,3.482163181812634
2016-03-05,ili perc,2,HHS Region 2,quantile,0.55,2016-03-19,3.5592602140021112
2016-03-05,ili perc,2,HHS Region 2,quantile,0.6,2016-03-19,3.64388544433074
2016-03-05,ili perc,2,HHS Region 2,quantile,0.65,2016-03-19,3.7511369871325337
2016-03-05,ili perc,2,HHS Region 2,quantile,0.7,2016-03-19,3.85743923574352
2016-03-05,ili perc,2,HHS Region 2,quantile,0.75,2016-03-19,3.973765537656461
2016-03-05,ili perc,2,HHS Region 2,quantile,0.8,2016-03-19,4.089331848794051
2016-03-05,ili perc,2,HHS Region 2,quantile,0.85,2016-03-19,4.242335361577926
2016-03-05,ili perc,2,HHS Region 2,quantile,0.9,2016-03-19,4.448980329365885
2016-03-05,ili perc,2,HHS Region 2,quantile,0.95,2016-03-19,4.873296991736053
2016-03-05,ili perc,2,HHS Region 2,quantile,0.975,2016-03-19,5.262089939197081
2016-03-05,ili perc,2,HHS Region 2,quantile,0.99,2016-03-19,5.9248083963158775
2016-03-05,ili perc,3,HHS Region 2,quantile,0.01,2016-03-26,1.684125102464796
2016-03-05,ili perc,3,HHS Region 2,quantile,0.025,2016-03-26,1.953843370463438
2016-03-05,ili perc,3,HHS Region 2,quantile,0.05,2016-03-26,2.1378148809891857
2016-03-05,ili perc,3,HHS Region 2,quantile,0.1,2016-03-26,2.4053309204157594
2016-03-05,ili perc,3,HHS Region 2,quantile,0.15,2016-03-26,2.5729607724681385
2016-03-05,ili perc,3,HHS Region 2,quantile,0.2,2016-03-26,2.7044471317137577
2016-03-05,ili perc,3,HHS Region 2,quantile,0.25,2016-03-26,2.813888019027958
2016-03-05,ili perc,3,HHS Region 2,quantile,0.3,2016-03-26,2.9239242136349426
2016-03-05,ili perc,3,HHS Region 2,quantile,0.35,2016-03-26,3.032736552652598
2016-03-05,ili perc,3,HHS Region 2,quantile,0.4,2016-03-26,3.134734446524437
2016-03-05,ili perc,3,HHS Region 2,quantile,0.45,2016-03-26,3.2450870495381023
2016-03-05,ili perc,3,HHS Region 2,quantile,0.5,2016-03-26,3.343283721233177
2016-03-05,ili perc,3,HHS Region 2,quantile,0.55,2016-03-26,3.448872902468597
2016-03-05,ili perc,3,HHS Region 2,quantile,0.6,2016-03-26,3.548819757139273
2016-03-05,ili perc,3,HHS Region 2,quantile,0.65,2016-03-26,3.666412893610625
2016-03-05,ili perc,3,HHS Region 2,quantile,0.7,2016-03-26,3.7789753209534567
2016-03-05,ili perc,3,HHS Region 2,quantile,0.75,2016-03-26,3.919661592608774
2016-03-05,ili perc,3,HHS Region 2,quantile,0.8,2016-03-26,4.06880677423667
2016-03-05,ili perc,3,HHS Region 2,quantile,0.85,2016-03-26,4.262070212287533
2016-03-05,ili perc,3,HHS Region 2,quantile,0.9,2016-03-26,4.482488907629516
2016-03-05,ili perc,3,HHS Region 2,quantile,0.95,2016-03-26,4.898087370924105
2016-03-05,ili perc,3,HHS Region 2,quantile,0.975,2016-03-26,5.298513606108987
2016-03-05,ili perc,3,HHS Region 2,quantile,0.99,2016-03-26,6.05879705866137
2016-03-05,ili perc,4,HHS Region 2,quantile,0.01,2016-04-02,1.4968308711351213
2016-03-05,ili perc,4,HHS Region 2,quantile,0.025,2016-04-02,1.7709473751712723
2016-03-05,ili perc,4,HHS Region 2,quantile,0.05,2016-04-02,1.9796566822945023
2016-03-05,ili perc,4,HHS Region 2,quantile,0.1,2016-04-02,2.229245243935989
2016-03-05,ili perc,4,HHS Region 2,quantile,0.15,2016-04-02,2.3963122074489664
2016-03-05,ili perc,4,HHS Region 2,quantile,0.2,2016-04-02,2.534163348654974
2016-03-05,ili perc,4,HHS Region 2,quantile,0.25,2016-04-02,2.6684164188052004
2016-03-05,ili perc,4,HHS Region 2,quantile,0.3,2016-04-02,2.782222970657658
2016-03-05,ili perc,4,HHS Region 2,quantile,0.35,2016-04-02,2.8873370559780676
2016-03-05,ili perc,4,HHS Region 2,quantile,0.4,2016-04-02,2.9876517542881222
2016-03-05,ili perc,4,HHS Region 2,quantile,0.45,2016-04-02,3.100520411436149
2016-03-05,ili perc,4,HHS Region 2,quantile,0.5,2016-04-02,3.201002150001549
2016-03-05,ili perc,4,HHS Region 2,quantile,0.55,2016-04-02,3.2933638704648684
2016-03-05,ili perc,4,HHS Region 2,quantile,0.6,2016-04-02,3.416209626248563
2016-03-05,ili perc,4,HHS Region 2,quantile,0.65,2016-04-02,3.5444242557066095
2016-03-05,ili perc,4,HHS Region 2,quantile,0.7,2016-04-02,3.667115647346429
2016-03-05,ili perc,4,HHS Region 2,quantile,0.75,2016-04-02,3.8084059425156433
2016-03-05,ili perc,4,HHS Region 2,quantile,0.8,2016-04-02,3.943616001047397
2016-03-05,ili perc,4,HHS Region 2,quantile,0.85,2016-04-02,4.138781187285718
2016-03-05,ili perc,4,HHS Region 2,quantile,0.9,2016-04-02,4.3735089109488134
2016-03-05,ili perc,4,HHS Region 2,quantile,0.95,2016-04-02,4.896577710348511
2016-03-05,ili perc,4,HHS Region 2,quantile,0.975,2016-04-02,5.347743318500022
2016-03-05,ili perc,4,HHS Region 2,quantile,0.99,2016-04-02,6.173666566800037
2016-03-05,ili perc,1,HHS Region 3,quantile,0.01,2016-03-12,2.11210458289784
2016-03-05,ili perc,1,HHS Region 3,quantile,0.025,2016-03-12,2.2839677515128725
2016-03-05,ili perc,1,HHS Region 3,quantile,0.05,2016-03-12,2.403927423988625
2016-03-05,ili perc,1,HHS Region 3,quantile,0.1,2016-03-12,2.595574600150987
2016-03-05,ili perc,1,HHS Region 3,quantile,0.15,2016-03-12,2.6995419463277712
2016-03-05,ili perc,1,HHS Region 3,quantile,0.2,2016-03-12,2.7919525926792095
2016-03-05,ili perc,1,HHS Region 3,quantile,0.25,2016-03-12,2.8667364145841803
2016-03-05,ili perc,1,HHS Region 3,quantile,0.3,2016-03-12,2.9274512169046103
2016-03-05,ili perc,1,HHS Region 3,quantile,0.35,2016-03-12,2.984061164093399
2016-03-05,ili perc,1,HHS Region 3,quantile,0.4,2016-03-12,3.031368435917855
2016-03-05,ili perc,1,HHS Region 3,quantile,0.45,2016-03-12,3.093942494802132
2016-03-05,ili perc,1,HHS Region 3,quantile,0.5,2016-03-12,3.1438340650736434
2016-03-05,ili perc,1,HHS Region 3,quantile,0.55,2016-03-12,3.202457657649669
2016-03-05,ili perc,1,HHS Region 3,quantile,0.6,2016-03-12,3.2497338933332203
2016-03-05,ili perc,1,HHS Region 3,quantile,0.65,2016-03-12,3.320545846979617
2016-03-05,ili perc,1,HHS Region 3,quantile,0.7,2016-03-12,3.394182782890702
2016-03-05,ili perc,1,HHS Region 3,quantile,0.75,2016-03-12,3.480258046221828
2016-03-05,ili perc,1,HHS Region 3,quantile,0.8,2016-03-12,3.6069739800199225
2016-03-05,ili perc,1,HHS Region 3,quantile,0.85,2016-03-12,3.7465156050960062
2016-03-05,ili perc,1,HHS Region 3,quantile,0.9,2016-03-12,3.892820816536411
2016-03-05,ili perc,1,HHS Region 3,quantile,0.95,2016-03-12,4.256321664391889
2016-03-05,ili perc,1,HHS Region 3,quantile,0.975,2016-03-12,4.84827260558648
2016-03-05,ili perc,1,HHS Region 3,quantile,0.99,2016-03-12,5.839553905251594
2016-03-05,ili perc,2,HHS Region 3,quantile,0.01,2016-03-19,1.8060294487847304
2016-03-05,ili perc,2,HHS Region 3,quantile,0.025,2016-03-19,1.9944535713415128
2016-03-05,ili perc,2,HHS Region 3,quantile,0.05,2016-03-19,2.136115391179397
2016-03-05,ili perc,2,HHS Region 3,quantile,0.1,2016-03-19,2.3299708568627695
2016-03-05,ili perc,2,HHS Region 3,quantile,0.15,2016-03-19,2.4465840079704684
2016-03-05,ili perc,2,HHS Region 3,quantile,0.2,2016-03-19,2.5464575139439227
2016-03-05,ili perc,2,HHS Region 3,quantile,0.25,2016-03-19,2.6295228037613216
2016-03-05,ili perc,2,HHS Region 3,quantile,0.3,2016-03-19,2.7028122958435143
2016-03-05,ili perc,2,HHS Region 3,quantile,0.35,2016-03-19,2.78226419470936
2016-03-05,ili perc,2,HHS Region 3,quantile,0.4,2016-03-19,2.8610573878821164
2016-03-05,ili perc,2,HHS Region 3,quantile,0.45,2016-03-19,2.942887477896893
2016-03-05,ili perc,2,HHS Region 3,quantile,0.5,2016-03-19,3.043310332551726
2016-03-05,ili perc,2,HHS Region 3,quantile,0.55,2016-03-19,3.1238388677104716
2016-03-05,ili perc,2,HHS Region 3,quantile,0.6,2016-03-19,3.206125295165897
2016-03-05,ili perc,2,HHS Region 3,quantile,0.65,2016-03-19,3.2914363672338145
2016-03-05,ili perc,2,HHS Region 3,quantile,0.7,2016-03-19,3.3903109904069946
2016-03-05,ili perc,2,HHS Region 3,quantile,0.75,2016-03-19,3.5188184088435204
2016-03-05,ili perc,2,HHS Region 3,quantile,0.8,2016-03-19,3.669109199420657
2016-03-05,ili perc,2,HHS Region 3,quantile,0.85,2016-03-19,3.8620875683102738
2016-03-05,ili perc,2,HHS Region 3,quantile,0.9,2016-03-19,4.113257321080115
2016-03-05,ili perc,2,HHS Region 3,quantile,0.95,2016-03-19,4.605189962779127
2016-03-05,ili perc,2,HHS Region 3,quantile,0.975,2016-03-19,4.98617849410218
2016-03-05,ili perc,2,HHS Region 3,quantile,0.99,2016-03-19,6.157612441547777
2016-03-05,ili perc,3,HHS Region 3,quantile,0.01,2016-03-26,1.4680754806708016
2016-03-05,ili perc,3,HHS Region 3,quantile,0.025,2016-03-26,1.6735019044263206
2016-03-05,ili perc,3,HHS Region 3,quantile,0.05,2016-03-26,1.852313119147878
2016-03-05,ili perc,3,HHS Region 3,quantile,0.1,2016-03-26,2.0557197203498987
2016-03-05,ili perc,3,HHS Region 3,quantile,0.15,2016-03-26,2.2196821633822004
2016-03-05,ili perc,3,HHS Region 3,quantile,0.2,2016-03-26,2.383994057903041
2016-03-05,ili perc,3,HHS Region 3,quantile,0.25,2016-03-26,2.4963611061781954
2016-03-05,ili perc,3,HHS Region 3,quantile,0.3,2016-03-26,2.5917237281749888
2016-03-05,ili perc,3,HHS Region 3,quantile,0.35,2016-03-26,2.6953069471178064
2016-03-05,ili perc,3,HHS Region 3,quantile,0.4,2016-03-26,2.799019347711538
2016-03-05,ili perc,3,HHS Region 3,quantile,0.45,2016-03-26,2.8991626381293067
2016-03-05,ili perc,3,HHS Region 3,quantile,0.5,2016-03-26,2.984541094262661
2016-03-05,ili perc,3,HHS Region 3,quantile,0.55,2016-03-26,3.0937473242456694
2016-03-05,ili perc,3,HHS Region 3,quantile,0.6,2016-03-26,3.1835413127938965
2016-03-05,ili perc,3,HHS Region 3,quantile,0.65,2016-03-26,3.28750037060921
2016-03-05,ili perc,3,HHS Region 3,quantile,0.7,2016-03-26,3.400649626228443
2016-03-05,ili perc,3,HHS Region 3,quantile,0.75,2016-03-26,3.5449456910999126
2016-03-05,ili perc,3,HHS Region 3,quantile,0.8,2016-03-26,3.742000573011903
2016-03-05,ili perc,3,HHS Region 3,quantile,0.85,2016-03-26,3.947802341332446
2016-03-05,ili perc,3,HHS Region 3,quantile,0.9,2016-03-26,4.245845386655373
2016-03-05,ili perc,3,HHS Region 3,quantile,0.95,2016-03-26,4.699265079660533
2016-03-05,ili perc,3,HHS Region 3,quantile,0.975,2016-03-26,5.232434438448341
2016-03-05,ili perc,3,HHS Region 3,quantile,0.99,2016-03-26,6.6812722038775805
2016-03-05,ili perc,4,HHS Region 3,quantile,0.01,2016-04-02,1.2379430167901602
2016-03-05,ili perc,4,HHS Region 3,quantile,0.025,2016-04-02,1.5078014086730125
2016-03-05,ili perc,4,HHS Region 3,quantile,0.05,2016-04-02,1.6941952172070984
2016-03-05,ili perc,4,HHS Region 3,quantile,0.1,2016-04-02,1.896437629486073
2016-03-05,ili perc,4,HHS Region 3,quantile,0.15,2016-04-02,2.065687901332782
2016-03-05,ili perc,4,HHS Region 3,quantile,0.2,2016-04-02,2.200515441580261
2016-03-05,ili perc,4,HHS Region 3,quantile,0.25,2016-04-02,2.328873498615228
2016-03-05,ili perc,4,HHS Region 3,quantile,0.3,2016-04-02,2.443258655132835
2016-03-05,ili perc,4,HHS Region 3,quantile,0.35,2016-04-02,2.549385012417251
2016-03-05,ili perc,4,HHS Region 3,quantile,0.4,2016-04-02,2.6550540579939614
2016-03-05,ili perc,4,HHS Region 3,quantile,0.45,2016-04-02,2.7455400699673773
2016-03-05,ili perc,4,HHS Region 3,quantile,0.5,2016-04-02,2.8350679489119868
2016-03-05,ili perc,4,HHS Region 3,quantile,0.55,2016-04-02,2.9422919855296303
2016-03-05,ili perc,4,HHS Region 3,quantile,0.6,2016-04-02,3.0882385050902013
2016-03-05,ili perc,4,HHS Region 3,quantile,0.65,2016-04-02,3.2098298183731004
2016-03-05,ili perc,4,HHS Region 3,quantile,0.7,2016-04-02,3.356756372265051
2016-03-05,ili perc,4,HHS Region 3,quantile,0.75,2016-04-02,3.5185197025731147
2016-03-05,ili perc,4,HHS Region 3,quantile,0.8,2016-04-02,3.728532209632333
2016-03-05,ili perc,4,HHS Region 3,quantile,0.85,2016-04-02,3.9687597932084633
2016-03-05,ili perc,4,HHS Region 3,quantile,0.9,2016-04-02,4.269880055811358
2016-03-05,ili perc,4,HHS Region 3,quantile,0.95,2016-04-02,4.758733411052344
2016-03-05,ili perc,4,HHS Region 3,quantile,0.975,2016-04-02,5.22642917521484
2016-03-05,ili perc,4,HHS Region 3,quantile,0.99,2016-04-02,6.673347993144422
2016-03-05,ili perc,1,HHS Region 4,quantile,0.01,2016-03-12,2.1016891016627355
2016-03-05,ili perc,1,HHS Region 4,quantile,0.025,2016-03-12,2.2759727033485535
2016-03-05,ili perc,1,HHS Region 4,quantile,0.05,2016-03-12,2.44317544091661
2016-03-05,ili perc,1,HHS Region 4,quantile,0.1,2016-03-12,2.590822893900954
2016-03-05,ili perc,1,HHS Region 4,quantile,0.15,2016-03-12,2.6828197973003287
2016-03-05,ili perc,1,HHS Region 4,quantile,0.2,2016-03-12,2.782264606155867
2016-03-05,ili perc,1,HHS Region 4,quantile,0.25,2016-03-12,2.860455404530774
2016-03-05,ili perc,1,HHS Region 4,quantile,0.3,2016-03-12,2.9215504761027664
2016-03-05,ili perc,1,HHS Region 4,quantile,0.35,2016-03-12,2.9772985655342277
2016-03-05,ili perc,1,HHS Region 4,quantile,0.4,2016-03-12,3.024058340927697
2016-03-05,ili perc,1,HHS Region 4,quantile,0.45,2016-03-12,3.078040300772611
2016-03-05,ili perc,1,HHS Region 4,quantile,0.5,2016-03-12,3.1267395988662963
2016-03-05,ili perc,1,HHS Region 4,quantile,0.55,2016-03-12,3.1695028617453804
2016-03-05,ili perc,1,HHS Region 4,quantile,0.6,2016-03-12,3.2226182264072873
2016-03-05,ili perc,1,HHS Region 4,quantile,0.65,2016-03-12,3.2880753011938153
2016-03-05,ili perc,1,HHS Region 4,quantile,0.7,2016-03-12,3.348438447421969
2016-03-05,ili perc,1,HHS Region 4,quantile,0.75,2016-03-12,3.4189225163025627
2016-03-05,ili perc,1,HHS Region 4,quantile,0.8,2016-03-12,3.4962560475809146
2016-03-05,ili perc,1,HHS Region 4,quantile,0.85,2016-03-12,3.597113029709126
2016-03-05,ili perc,1,HHS Region 4,quantile,0.9,2016-03-12,3.73515309128961
2016-03-05,ili perc,1,HHS Region 4,quantile,0.95,2016-03-12,3.9512566152593367
2016-03-05,ili perc,1,HHS Region 4,quantile,0.975,2016-03-12,4.1426173778120425
2016-03-05,ili perc,1,HHS Region 4,quantile,0.99,2016-03-12,5.3251448825843966
2016-03-05,ili perc,2,HHS Region 4,quantile,0.01,2016-03-19,1.752850155529119
2016-03-05,ili perc,2,HHS Region 4,quantile,0.025,2016-03-19,1.9168489179835488
2016-03-05,ili perc,2,HHS Region 4,quantile,0.05,2016-03-19,2.038716547166461
2016-03-05,ili perc,2,HHS Region 4,quantile,0.1,2016-03-19,2.2671070161499647
2016-03-05,ili perc,2,HHS Region 4,quantile,0.15,2016-03-19,2.3825938819052817
2016-03-05,ili perc,2,HHS Region 4,quantile,0.2,2016-03-19,2.481645132479946
2016-03-05,ili perc,2,HHS Region 4,quantile,0.25,2016-03-19,2.5695925085754943
2016-03-05,ili perc,2,HHS Region 4,quantile,0.3,2016-03-19,2.6456840054420483
2016-03-05,ili perc,2,HHS Region 4,quantile,0.35,2016-03-19,2.7220550971401907
2016-03-05,ili perc,2,HHS Region 4,quantile,0.4,2016-03-19,2.7846472481190467
2016-03-05,ili perc,2,HHS Region 4,quantile,0.45,2016-03-19,2.8539944815048046
2016-03-05,ili perc,2,HHS Region 4,quantile,0.5,2016-03-19,2.923310018559933
2016-03-05,ili perc,2,HHS Region 4,quantile,0.55,2016-03-19,2.9994457193240343
2016-03-05,ili perc,2,HHS Region 4,quantile,0.6,2016-03-19,3.077115578923439
2016-03-05,ili perc,2,HHS Region 4,quantile,0.65,2016-03-19,3.1537153743403255
2016-03-05,ili perc,2,HHS Region 4,quantile,0.7,2016-03-19,3.2529702202079736
2016-03-05,ili perc,2,HHS Region 4,quantile,0.75,2016-03-19,3.3451762155952465
2016-03-05,ili perc,2,HHS Region 4,quantile,0.8,2016-03-19,3.4445010617907363
2016-03-05,ili perc,2,HHS Region 4,quantile,0.85,2016-03-19,3.592139775341718
2016-03-05,ili perc,2,HHS Region 4,quantile,0.9,2016-03-19,3.794118680526731
2016-03-05,ili perc,2,HHS Region 4,quantile,0.95,2016-03-19,4.099795628973488
2016-03-05,ili perc,2,HHS Region 4,quantile,0.975,2016-03-19,4.479982751244625
2016-03-05,ili perc,2,HHS Region 4,quantile,0.99,2016-03-19,5.714685700659022
2016-03-05,ili perc,3,HHS Region 4,quantile,0.01,2016-03-26,1.279820688479643
2016-03-05,ili perc,3,HHS Region 4,quantile,0.025,2016-03-26,1.454060642845925
2016-03-05,ili perc,3,HHS Region 4,quantile,0.05,2016-03-26,1.612284394197795
2016-03-05,ili perc,3,HHS Region 4,quantile,0.1,2016-03-26,1.8341442630381517
2016-03-05,ili perc,3,HHS Region 4,quantile,0.15,2016-03-26,1.9911474594909264
2016-03-05,ili perc,3,HHS Region 4,quantile,0.2,2016-03-26,2.116714744678732
2016-03-05,ili perc,3,HHS Region 4,quantile,0.25,2016-03-26,2.2246456443858738
2016-03-05,ili perc,3,HHS Region 4,quantile,0.3,2016-03-26,2.321794342870724
2016-03-05,ili perc,3,HHS Region 4,quantile,0.35,2016-03-26,2.413056454061493
2016-03-05,ili perc,3,HHS Region 4,quantile,0.4,2016-03-26,2.512388256030514
2016-03-05,ili perc,3,HHS Region 4,quantile,0.45,2016-03-26,2.614863439016675
2016-03-05,ili perc,3,HHS Region 4,quantile,0.5,2016-03-26,2.7065665756909185
2016-03-05,ili perc,3,HHS Region 4,quantile,0.55,2016-03-26,2.7906893189188384
2016-03-05,ili perc,3,HHS Region 4,quantile,0.6,2016-03-26,2.89367359136987
2016-03-05,ili perc,3,HHS Region 4,quantile,0.65,2016-03-26,3.01262611380751
2016-03-05,ili perc,3,HHS Region 4,quantile,0.7,2016-03-26,3.131456731988964
2016-03-05,ili perc,3,HHS Region 4,quantile,0.75,2016-03-26,3.2637407505886027
2016-03-05,ili perc,3,HHS Region 4,quantile,0.8,2016-03-26,3.425235243923691
2016-03-05,ili perc,3,HHS Region 4,quantile,0.85,2016-03-26,3.6310155015929366
2016-03-05,ili perc,3,HHS Region 4,quantile,0.9,2016-03-26,3.8713249781786345
2016-03-05,ili perc,3,HHS Region 4,quantile,0.95,2016-03-26,4.299545265236313
2016-03-05,ili perc,3,HHS Region 4,quantile,0.975,2016-03-26,4.759812539681055
2016-03-05,ili perc,3,HHS Region 4,quantile,0.99,2016-03-26,6.130528224157225
2016-03-05,ili perc,4,HHS Region 4,quantile,0.01,2016-04-02,1.1468251624061114
2016-03-05,ili perc,4,HHS Region 4,quantile,0.025,2016-04-02,1.3033544538903354
2016-03-05,ili perc,4,HHS Region 4,quantile,0.05,2016-04-02,1.4451174613383242
2016-03-05,ili perc,4,HHS Region 4,quantile,0.1,2016-04-02,1.6441508862624117
2016-03-05,ili perc,4,HHS Region 4,quantile,0.15,2016-04-02,1.801485215967173
2016-03-05,ili perc,4,HHS Region 4,quantile,0.2,2016-04-02,1.919457126031323
2016-03-05,ili perc,4,HHS Region 4,quantile,0.25,2016-04-02,2.033674070763036
2016-03-05,ili perc,4,HHS Region 4,quantile,0.3,2016-04-02,2.140883491875227
2016-03-05,ili perc,4,HHS Region 4,quantile,0.35,2016-04-02,2.2610961844925237
2016-03-05,ili perc,4,HHS Region 4,quantile,0.4,2016-04-02,2.373829908817853
2016-03-05,ili perc,4,HHS Region 4,quantile,0.45,2016-04-02,2.469158550375687
2016-03-05,ili perc,4,HHS Region 4,quantile,0.5,2016-04-02,2.5731693959000044
2016-03-05,ili perc,4,HHS Region 4,quantile,0.55,2016-04-02,2.677717922558405
2016-03-05,ili perc,4,HHS Region 4,quantile,0.6,2016-04-02,2.791124227209326
2016-03-05,ili perc,4,HHS Region 4,quantile,0.65,2016-04-02,2.904085549533631
2016-03-05,ili perc,4,HHS Region 4,quantile,0.7,2016-04-02,3.0407006484556844
2016-03-05,ili perc,4,HHS Region 4,quantile,0.75,2016-04-02,3.1802636223766787
2016-03-05,ili perc,4,HHS Region 4,quantile,0.8,2016-04-02,3.378021661299006
2016-03-05,ili perc,4,HHS Region 4,quantile,0.85,2016-04-02,3.5922091022526557
2016-03-05,ili perc,4,HHS Region 4,quantile,0.9,2016-04-02,3.8701879612756938
2016-03-05,ili perc,4,HHS Region 4,quantile,0.95,2016-04-02,4.315789397991931
2016-03-05,ili perc,4,HHS Region 4,quantile,0.975,2016-04-02,4.767633545320613
2016-03-05,ili perc,4,HHS Region 4,quantile,0.99,2016-04-02,6.450403556090489
2016-03-05,ili perc,1,HHS Region 5,quantile,0.01,2016-03-12,2.136152187048623
2016-03-05,ili perc,1,HHS Region 5,quantile,0.025,2016-03-12,2.293369864183418
2016-03-05,ili perc,1,HHS Region 5,quantile,0.05,2016-03-12,2.4148448776671025
2016-03-05,ili perc,1,HHS Region 5,quantile,0.1,2016-03-12,2.5358741181817614
2016-03-05,ili perc,1,HHS Region 5,quantile,0.15,2016-03-12,2.6217659785185248
2016-03-05,ili perc,1,HHS Region 5,quantile,0.2,2016-03-12,2.703067034401953
2016-03-05,ili perc,1,HHS Region 5,quantile,0.25,2016-03-12,2.7556587247305404
2016-03-05,ili perc,1,HHS Region 5,quantile,0.3,2016-03-12,2.8001964116776428
2016-03-05,ili perc,1,HHS Region 5,quantile,0.35,2016-03-12,2.846073172066708
2016-03-05,ili perc,1,HHS Region 5,quantile,0.4,2016-03-12,2.8919375076386724
2016-03-05,ili perc,1,HHS Region 5,quantile,0.45,2016-03-12,2.933496902120467
2016-03-05,ili perc,1,HHS Region 5,quantile,0.5,2016-03-12,2.975321424408908
2016-03-05,ili perc,1,HHS Region 5,quantile,0.55,2016-03-12,3.0110495785575884
2016-03-05,ili perc,1,HHS Region 5,quantile,0.6,2016-03-12,3.0533180699069606
2016-03-05,ili perc,1,HHS Region 5,quantile,0.65,2016-03-12,3.0963573708109617
2016-03-05,ili perc,1,HHS Region 5,quantile,0.7,2016-03-12,3.1464730386485824
2016-03-05,ili perc,1,HHS Region 5,quantile,0.75,2016-03-12,3.225188802753582
2016-03-05,ili perc,1,HHS Region 5,quantile,0.8,2016-03-12,3.295636529776351
2016-03-05,ili perc,1,HHS Region 5,quantile,0.85,2016-03-12,3.3731640091499613
2016-03-05,ili perc,1,HHS Region 5,quantile,0.9,2016-03-12,3.4543888871527075
2016-03-05,ili perc,1,HHS Region 5,quantile,0.95,2016-03-12,3.6519743038282737
2016-03-05,ili perc,1,HHS Region 5,quantile,0.975,2016-03-12,3.9149102891935232
2016-03-05,ili perc,1,HHS Region 5,quantile,0.99,2016-03-12,4.999854818180283
2016-03-05,ili perc,2,HHS Region 5,quantile,0.01,2016-03-19,1.7541656000397978
2016-03-05,ili perc,2,HHS Region 5,quantile,0.025,2016-03-19,1.9265116977508772
2016-03-05,ili perc,2,HHS Region 5,quantile,0.05,2016-03-19,2.0703013683706724
2016-03-05,ili perc,2,HHS Region 5,quantile,0.1,2016-03-19,2.2264520897925766
2016-03-05,ili perc,2,HHS Region 5,quantile,0.15,2016-03-19,2.3304693518044046
2016-03-05,ili perc,2,HHS Region 5,quantile,0.2,2016-03-19,2.4229990510528325
2016-03-05,ili perc,2,HHS Region 5,quantile,0.25,2016-03-19,2.497665786812753
2016-03-05,ili perc,2,HHS Region 5,quantile,0.3,2016-03-19,2.5619352909208355
2016-03-05,ili perc,2,HHS Region 5,quantile,0.35,2016-03-19,2.637030447720966
2016-03-05,ili perc,2,HHS Region 5,quantile,0.4,2016-03-19,2.704500411317246
2016-03-05,ili perc,2,HHS Region 5,quantile,0.45,2016-03-19,2.7672293860714428
2016-03-05,ili perc,2,HHS Region 5,quantile,0.5,2016-03-19,2.8305150790373053
2016-03-05,ili perc,2,HHS Region 5,quantile,0.55,2016-03-19,2.8890745281262156
2016-03-05,ili perc,2,HHS Region 5,quantile,0.6,2016-03-19,2.9481062032693424
2016-03-05,ili perc,2,HHS Region 5,quantile,0.65,2016-03-19,3.0165804656403092
2016-03-05,ili perc,2,HHS Region 5,quantile,0.7,2016-03-19,3.0778739879593497
2016-03-05,ili perc,2,HHS Region 5,quantile,0.75,2016-03-19,3.1552968508368853
2016-03-05,ili perc,2,HHS Region 5,quantile,0.8,2016-03-19,3.2497346168533223
2016-03-05,ili perc,2,HHS Region 5,quantile,0.85,2016-03-19,3.356019016839774
2016-03-05,ili perc,2,HHS Region 5,quantile,0.9,2016-03-19,3.4997525479260565
2016-03-05,ili perc,2,HHS Region 5,quantile,0.95,2016-03-19,3.786808282389662
2016-03-05,ili perc,2,HHS Region 5,quantile,0.975,2016-03-19,4.123290606552527
2016-03-05,ili perc,2,HHS Region 5,quantile,0.99,2016-03-19,5.389190060964509
2016-03-05,ili perc,3,HHS Region 5,quantile,0.01,2016-03-26,1.380269751803808
2016-03-05,ili perc,3,HHS Region 5,quantile,0.025,2016-03-26,1.557726423403225
2016-03-05,ili perc,3,HHS Region 5,quantile,0.05,2016-03-26,1.7210642552344386
2016-03-05,ili perc,3,HHS Region 5,quantile,0.1,2016-03-26,1.907907528500016
2016-03-05,ili perc,3,HHS Region 5,quantile,0.15,2016-03-26,2.0332564345258457
2016-03-05,ili perc,3,HHS Region 5,quantile,0.2,2016-03-26,2.146107150052543
2016-03-05,ili perc,3,HHS Region 5,quantile,0.25,2016-03-26,2.2303412725863168
2016-03-05,ili perc,3,HHS Region 5,quantile,0.3,2016-03-26,2.307801887294577
2016-03-05,ili perc,3,HHS Region 5,quantile,0.35,2016-03-26,2.3841915421719437
2016-03-05,ili perc,3,HHS Region 5,quantile,0.4,2016-03-26,2.453773351786544
2016-03-05,ili perc,3,HHS Region 5,quantile,0.45,2016-03-26,2.521506511411825
2016-03-05,ili perc,3,HHS Region 5,quantile,0.5,2016-03-26,2.5909470510977135
2016-03-05,ili perc,3,HHS Region 5,quantile,0.55,2016-03-26,2.660493998573025
2016-03-05,ili perc,3,HHS Region 5,quantile,0.6,2016-03-26,2.743374320217271
2016-03-05,ili perc,3,HHS Region 5,quantile,0.65,2016-03-26,2.830651648723784
2016-03-05,ili perc,3,HHS Region 5,quantile,0.7,2016-03-26,2.9332268228517755
2016-03-05,ili perc,3,HHS Region 5,quantile,0.75,2016-03-26,3.0387709332558184
2016-03-05,ili perc,3,HHS Region 5,quantile,0.8,2016-03-26,3.155376994967088
2016-03-05,ili perc,3,HHS Region 5,quantile,0.85,2016-03-26,3.308842986734142
2016-03-05,ili perc,3,HHS Region 5,quantile,0.9,2016-03-26,3.527405641402769
2016-03-05,ili perc,3,HHS Region 5,quantile,0.95,2016-03-26,3.855834950203972
2016-03-05,ili perc,3,HHS Region 5,quantile,0.975,2016-03-26,4.197464200329727
2016-03-05,ili perc,3,HHS Region 5,quantile,0.99,2016-03-26,5.357111683435349
2016-03-05,ili perc,4,HHS Region 5,quantile,0.01,2016-04-02,1.1886553146988923
2016-03-05,ili perc,4,HHS Region 5,quantile,0.025,2016-04-02,1.2955669503398766
2016-03-05,ili perc,4,HHS Region 5,quantile,0.05,2016-04-02,1.4262870040976758
2016-03-05,ili perc,4,HHS Region 5,quantile,0.1,2016-04-02,1.6000444038294472
2016-03-05,ili perc,4,HHS Region 5,quantile,0.15,2016-04-02,1.725789747257544
2016-03-05,ili perc,4,HHS Region 5,quantile,0.2,2016-04-02,1.8397511162632043
2016-03-05,ili perc,4,HHS Region 5,quantile,0.25,2016-04-02,1.933747070534246
2016-03-05,ili perc,4,HHS Region 5,quantile,0.3,2016-04-02,2.025070534176961
2016-03-05,ili perc,4,HHS Region 5,quantile,0.35,2016-04-02,2.100921186418751
2016-03-05,ili perc,4,HHS Region 5,quantile,0.4,2016-04-02,2.1791969762899432
2016-03-05,ili perc,4,HHS Region 5,quantile,0.45,2016-04-02,2.2533892886409426
2016-03-05,ili perc,4,HHS Region 5,quantile,0.5,2016-04-02,2.3404136890838596
2016-03-05,ili perc,4,HHS Region 5,quantile,0.55,2016-04-02,2.4298166534134493
2016-03-05,ili perc,4,HHS Region 5,quantile,0.6,2016-04-02,2.5141989659012807
2016-03-05,ili perc,4,HHS Region 5,quantile,0.65,2016-04-02,2.596509253438491
2016-03-05,ili perc,4,HHS Region 5,quantile,0.7,2016-04-02,2.6963934161233807
2016-03-05,ili perc,4,HHS Region 5,quantile,0.75,2016-04-02,2.8075062673206856
2016-03-05,ili perc,4,HHS Region 5,quantile,0.8,2016-04-02,2.9570411297314214
2016-03-05,ili perc,4,HHS Region 5,quantile,0.85,2016-04-02,3.133124444045054
2016-03-05,ili perc,4,HHS Region 5,quantile,0.9,2016-04-02,3.3878648722607605
2016-03-05,ili perc,4,HHS Region 5,quantile,0.95,2016-04-02,3.7661453126441984
2016-03-05,ili perc,4,HHS Region 5,quantile,0.975,2016-04-02,4.184968747545285
2016-03-05,ili perc,4,HHS Region 5,quantile,0.99,2016-04-02,5.499958375714486
2016-03-05,ili perc,1,HHS Region 6,quantile,0.01,2016-03-12,2.721901855488936
2016-03-05,ili perc,1,HHS Region 6,quantile,0.025,2016-03-12,3.006617555133545
2016-03-05,ili perc,1,HHS Region 6,quantile,0.05,2016-03-12,3.1717215005441135
2016-03-05,ili perc,1,HHS Region 6,quantile,0.1,2016-03-12,3.4232510710614035
2016-03-05,ili perc,1,HHS Region 6,quantile,0.15,2016-03-12,3.5469831214981853
2016-03-05,ili perc,1,HHS Region 6,quantile,0.2,2016-03-12,3.6565589264799216
2016-03-05,ili perc,1,HHS Region 6,quantile,0.25,2016-03-12,3.759859671577955
2016-03-05,ili perc,1,HHS Region 6,quantile,0.3,2016-03-12,3.862216648717175
2016-03-05,ili perc,1,HHS Region 6,quantile,0.35,2016-03-12,3.936171964239582
2016-03-05,ili perc,1,HHS Region 6,quantile,0.4,2016-03-12,3.997692485562496
2016-03-05,ili perc,1,HHS Region 6,quantile,0.45,2016-03-12,4.071694176453652
2016-03-05,ili perc,1,HHS Region 6,quantile,0.5,2016-03-12,4.135328997705944
2016-03-05,ili perc,1,HHS Region 6,quantile,0.55,2016-03-12,4.202088179832187
2016-03-05,ili perc,1,HHS Region 6,quantile,0.6,2016-03-12,4.260614745148753
2016-03-05,ili perc,1,HHS Region 6,quantile,0.65,2016-03-12,4.317949109527771
2016-03-05,ili perc,1,HHS Region 6,quantile,0.7,2016-03-12,4.394833685443633
2016-03-05,ili perc,1,HHS Region 6,quantile,0.75,2016-03-12,4.500378921479302
2016-03-05,ili perc,1,HHS Region 6,quantile,0.8,2016-03-12,4.616151214144217
2016-03-05,ili perc,1,HHS Region 6,quantile,0.85,2016-03-12,4.761601811130171
2016-03-05,ili perc,1,HHS Region 6,quantile,0.9,2016-03-12,4.97111077354835
2016-03-05,ili perc,1,HHS Region 6,quantile,0.95,2016-03-12,5.376068789691992
2016-03-05,ili perc,1,HHS Region 6,quantile,0.975,2016-03-12,5.633544654024801
2016-03-05,ili perc,1,HHS Region 6,quantile,0.99,2016-03-12,6.769233250191889
2016-03-05,ili perc,2,HHS Region 6,quantile,0.01,2016-03-19,2.0267403214645037
2016-03-05,ili perc,2,HHS Region 6,quantile,0.025,2016-03-19,2.276906282528395
2016-03-05,ili perc,2,HHS Region 6,quantile,0.05,2016-03-19,2.495639742703778
2016-03-05,ili perc,2,HHS Region 6,quantile,0.1,2016-03-19,2.7919322205286545
2016-03-05,ili perc,2,HHS Region 6,quantile,0.15,2016-03-19,2.959451219070199
2016-03-05,ili perc,2,HHS Region 6,quantile,0.2,2016-03-19,3.1122238711867527
2016-03-05,ili perc,2,HHS Region 6,quantile,0.25,2016-03-19,3.2533471591376015
2016-03-05,ili perc,2,HHS Region 6,quantile,0.3,2016-03-19,3.3862896167842527
2016-03-05,ili perc,2,HHS Region 6,quantile,0.35,2016-03-19,3.5069783654567592
2016-03-05,ili perc,2,HHS Region 6,quantile,0.4,2016-03-19,3.623565152691974
2016-03-05,ili perc,2,HHS Region 6,quantile,0.45,2016-03-19,3.749846839353406
2016-03-05,ili perc,2,HHS Region 6,quantile,0.5,2016-03-19,3.8631333656947904
2016-03-05,ili perc,2,HHS Region 6,quantile,0.55,2016-03-19,3.972941048517784
2016-03-05,ili perc,2,HHS Region 6,quantile,0.6,2016-03-19,4.075064492300452
2016-03-05,ili perc,2,HHS Region 6,quantile,0.65,2016-03-19,4.199465013290709
2016-03-05,ili perc,2,HHS Region 6,quantile,0.7,2016-03-19,4.334370677103498
2016-03-05,ili perc,2,HHS Region 6,quantile,0.75,2016-03-19,4.466874719149784
2016-03-05,ili perc,2,HHS Region 6,quantile,0.8,2016-03-19,4.641064140035874
2016-03-05,ili perc,2,HHS Region 6,quantile,0.85,2016-03-19,4.8595534656959165
2016-03-05,ili perc,2,HHS Region 6,quantile,0.9,2016-03-19,5.161579536101628
2016-03-05,ili perc,2,HHS Region 6,quantile,0.95,2016-03-19,5.631287440026717
2016-03-05,ili perc,2,HHS Region 6,quantile,0.975,2016-03-19,6.1345024996848405
2016-03-05,ili perc,2,HHS Region 6,quantile,0.99,2016-03-19,7.046473687675096
2016-03-05,ili perc,3,HHS Region 6,quantile,0.01,2016-03-26,1.627086151817788
2016-03-05,ili perc,3,HHS Region 6,quantile,0.025,2016-03-26,1.8205104546165392
2016-03-05,ili perc,3,HHS Region 6,quantile,0.05,2016-03-26,2.0251851651016217
2016-03-05,ili perc,3,HHS Region 6,quantile,0.1,2016-03-26,2.303944138972213
2016-03-05,ili perc,3,HHS Region 6,quantile,0.15,2016-03-26,2.5164716274600325
2016-03-05,ili perc,3,HHS Region 6,quantile,0.2,2016-03-26,2.686813809711578
2016-03-05,ili perc,3,HHS Region 6,quantile,0.25,2016-03-26,2.8420891630332874
2016-03-05,ili perc,3,HHS Region 6,quantile,0.3,2016-03-26,3.0121133958270647
2016-03-05,ili perc,3,HHS Region 6,quantile,0.35,2016-03-26,3.157842756770438
2016-03-05,ili perc,3,HHS Region 6,quantile,0.4,2016-03-26,3.260683417385311
2016-03-05,ili perc,3,HHS Region 6,quantile,0.45,2016-03-26,3.36787194148202
2016-03-05,ili perc,3,HHS Region 6,quantile,0.5,2016-03-26,3.4760590188604583
2016-03-05,ili perc,3,HHS Region 6,quantile,0.55,2016-03-26,3.5892334270859436
2016-03-05,ili perc,3,HHS Region 6,quantile,0.6,2016-03-26,3.7119904033373494
2016-03-05,ili perc,3,HHS Region 6,quantile,0.65,2016-03-26,3.841488506053419
2016-03-05,ili perc,3,HHS Region 6,quantile,0.7,2016-03-26,3.986609504441635
2016-03-05,ili perc,3,HHS Region 6,quantile,0.75,2016-03-26,4.151363441791719
2016-03-05,ili perc,3,HHS Region 6,quantile,0.8,2016-03-26,4.319544320753034
2016-03-05,ili perc,3,HHS Region 6,quantile,0.85,2016-03-26,4.590907794432148
2016-03-05,ili perc,3,HHS Region 6,quantile,0.9,2016-03-26,4.912430911854418
2016-03-05,ili perc,3,HHS Region 6,quantile,0.95,2016-03-26,5.439364402020185
2016-03-05,ili perc,3,HHS Region 6,quantile,0.975,2016-03-26,6.032309863265103
2016-03-05,ili perc,3,HHS Region 6,quantile,0.99,2016-03-26,6.779134047947423
2016-03-05,ili perc,4,HHS Region 6,quantile,0.01,2016-04-02,1.4661990437112105
2016-03-05,ili perc,4,HHS Region 6,quantile,0.025,2016-04-02,1.6679671889205838
2016-03-05,ili perc,4,HHS Region 6,quantile,0.05,2016-04-02,1.859521591285843
2016-03-05,ili perc,4,HHS Region 6,quantile,0.1,2016-04-02,2.134161990836831
2016-03-05,ili perc,4,HHS Region 6,quantile,0.15,2016-04-02,2.287366174747975
2016-03-05,ili perc,4,HHS Region 6,quantile,0.2,2016-04-02,2.439275661149669
2016-03-05,ili perc,4,HHS Region 6,quantile,0.25,2016-04-02,2.5561632820995226
2016-03-05,ili perc,4,HHS Region 6,quantile,0.3,2016-04-02,2.6793243433425835
2016-03-05,ili perc,4,HHS Region 6,quantile,0.35,2016-04-02,2.795361793999263
2016-03-05,ili perc,4,HHS Region 6,quantile,0.4,2016-04-02,2.8815240845732144
2016-03-05,ili perc,4,HHS Region 6,quantile,0.45,2016-04-02,2.976559261763569
2016-03-05,ili perc,4,HHS Region 6,quantile,0.5,2016-04-02,3.088361228577633
2016-03-05,ili perc,4,HHS Region 6,quantile,0.55,2016-04-02,3.1941985987968717
2016-03-05,ili perc,4,HHS Region 6,quantile,0.6,2016-04-02,3.309094659769397
2016-03-05,ili perc,4,HHS Region 6,quantile,0.65,2016-04-02,3.418957048758995
2016-03-05,ili perc,4,HHS Region 6,quantile,0.7,2016-04-02,3.582289882370317
2016-03-05,ili perc,4,HHS Region 6,quantile,0.75,2016-04-02,3.748659836265515
2016-03-05,ili perc,4,HHS Region 6,quantile,0.8,2016-04-02,3.927186407864388
2016-03-05,ili perc,4,HHS Region 6,quantile,0.85,2016-04-02,4.1361543745423575
2016-03-05,ili perc,4,HHS Region 6,quantile,0.9,2016-04-02,4.429366975732369
2016-03-05,ili perc,4,HHS Region 6,quantile,0.95,2016-04-02,5.021467237451296
2016-03-05,ili perc,4,HHS Region 6,quantile,0.975,2016-04-02,5.59982368410628
2016-03-05,ili perc,4,HHS Region 6,quantile,0.99,2016-04-02,6.815634614053348
2016-03-05,ili perc,1,HHS Region 7,quantile,0.01,2016-03-12,1.2020006895588204
2016-03-05,ili perc,1,HHS Region 7,quantile,0.025,2016-03-12,1.393189205122737
2016-03-05,ili perc,1,HHS Region 7,quantile,0.05,2016-03-12,1.492645158978701
2016-03-05,ili perc,1,HHS Region 7,quantile,0.1,2016-03-12,1.6680552402724849
2016-03-05,ili perc,1,HHS Region 7,quantile,0.15,2016-03-12,1.7600703146654173
2016-03-05,ili perc,1,HHS Region 7,quantile,0.2,2016-03-12,1.839207390991555
2016-03-05,ili perc,1,HHS Region 7,quantile,0.25,2016-03-12,1.8999427811628755
2016-03-05,ili perc,1,HHS Region 7,quantile,0.3,2016-03-12,1.9625319755384016
2016-03-05,ili perc,1,HHS Region 7,quantile,0.35,2016-03-12,2.0189947366676115
2016-03-05,ili perc,1,HHS Region 7,quantile,0.4,2016-03-12,2.0669873498133917
2016-03-05,ili perc,1,HHS Region 7,quantile,0.45,2016-03-12,2.114360809124799
2016-03-05,ili perc,1,HHS Region 7,quantile,0.5,2016-03-12,2.171399611441869
2016-03-05,ili perc,1,HHS Region 7,quantile,0.55,2016-03-12,2.2151147673705607
2016-03-05,ili perc,1,HHS Region 7,quantile,0.6,2016-03-12,2.274596912148701
2016-03-05,ili perc,1,HHS Region 7,quantile,0.65,2016-03-12,2.3280494106549674
2016-03-05,ili perc,1,HHS Region 7,quantile,0.7,2016-03-12,2.3873616151586456
2016-03-05,ili perc,1,HHS Region 7,quantile,0.75,2016-03-12,2.480457780451397
2016-03-05,ili perc,1,HHS Region 7,quantile,0.8,2016-03-12,2.5652541225552152
2016-03-05,ili perc,1,HHS Region 7,quantile,0.85,2016-03-12,2.6723957123917192
2016-03-05,ili perc,1,HHS Region 7,quantile,0.9,2016-03-12,2.805871907209931
2016-03-05,ili perc,1,HHS Region 7,quantile,0.95,2016-03-12,3.074126508166916
2016-03-05,ili perc,1,HHS Region 7,quantile,0.975,2016-03-12,3.4768908152938236
2016-03-05,ili perc,1,HHS Region 7,quantile,0.99,2016-03-12,5.082666435978874
2016-03-05,ili perc,2,HHS Region 7,quantile,0.01,2016-03-19,0.8484321120379361
2016-03-05,ili perc,2,HHS Region 7,quantile,0.025,2016-03-19,1.124151328988943
2016-03-05,ili perc,2,HHS Region 7,quantile,0.05,2016-03-19,1.2697509853314295
2016-03-05,ili perc,2,HHS Region 7,quantile,0.1,2016-03-19,1.4301134496996686
2016-03-05,ili perc,2,HHS Region 7,quantile,0.15,2016-03-19,1.5335678491352582
2016-03-05,ili perc,2,HHS Region 7,quantile,0.2,2016-03-19,1.6211516948022755
2016-03-05,ili perc,2,HHS Region 7,quantile,0.25,2016-03-19,1.7035948177275404
2016-03-05,ili perc,2,HHS Region 7,quantile,0.3,2016-03-19,1.78054954991078
2016-03-05,ili perc,2,HHS Region 7,quantile,0.35,2016-03-19,1.8446941927277647
2016-03-05,ili perc,2,HHS Region 7,quantile,0.4,2016-03-19,1.899973159716502
2016-03-05,ili perc,2,HHS Region 7,quantile,0.45,2016-03-19,1.9650685261906953
2016-03-05,ili perc,2,HHS Region 7,quantile,0.5,2016-03-19,2.0383567300857113
2016-03-05,ili perc,2,HHS Region 7,quantile,0.55,2016-03-19,2.103561141236459
2016-03-05,ili perc,2,HHS Region 7,quantile,0.6,2016-03-19,2.1812604264166593
2016-03-05,ili perc,2,HHS Region 7,quantile,0.65,2016-03-19,2.2670832088619775
2016-03-05,ili perc,2,HHS Region 7,quantile,0.7,2016-03-19,2.3507163408226206
2016-03-05,ili perc,2,HHS Region 7,quantile,0.75,2016-03-19,2.4445183569320235
2016-03-05,ili perc,2,HHS Region 7,quantile,0.8,2016-03-19,2.5416307392073656
2016-03-05,ili perc,2,HHS Region 7,quantile,0.85,2016-03-19,2.6697116210063836
2016-03-05,ili perc,2,HHS Region 7,quantile,0.9,2016-03-19,2.8523816595702813
2016-03-05,ili perc,2,HHS Region 7,quantile,0.95,2016-03-19,3.2595067877241006
2016-03-05,ili perc,2,HHS Region 7,quantile,0.975,2016-03-19,3.750785553790636
2016-03-05,ili perc,2,HHS Region 7,quantile,0.99,2016-03-19,5.378659446411872
2016-03-05,ili perc,3,HHS Region 7,quantile,0.01,2016-03-26,0.5760576414538463
2016-03-05,ili perc,3,HHS Region 7,quantile,0.025,2016-03-26,0.827790238439543
2016-03-05,ili perc,3,HHS Region 7,quantile,0.05,2016-03-26,0.9686853901225828
2016-03-05,ili perc,3,HHS Region 7,quantile,0.1,2016-03-26,1.1544730211449277
2016-03-05,ili perc,3,HHS Region 7,quantile,0.15,2016-03-26,1.297215761187781
2016-03-05,ili perc,3,HHS Region 7,quantile,0.2,2016-03-26,1.4180945729494974
2016-03-05,ili perc,3,HHS Region 7,quantile,0.25,2016-03-26,1.5081371947152715
2016-03-05,ili perc,3,HHS Region 7,quantile,0.3,2016-03-26,1.5872320277369227
2016-03-05,ili perc,3,HHS Region 7,quantile,0.35,2016-03-26,1.6585950520814
2016-03-05,ili perc,3,HHS Region 7,quantile,0.4,2016-03-26,1.736037412000104
2016-03-05,ili perc,3,HHS Region 7,quantile,0.45,2016-03-26,1.8056040465271577
2016-03-05,ili perc,3,HHS Region 7,quantile,0.5,2016-03-26,1.880077063624086
2016-03-05,ili perc,3,HHS Region 7,quantile,0.55,2016-03-26,1.9729191688049263
2016-03-05,ili perc,3,HHS Region 7,quantile,0.6,2016-03-26,2.047893842545712
2016-03-05,ili perc,3,HHS Region 7,quantile,0.65,2016-03-26,2.127098667188926
2016-03-05,ili perc,3,HHS Region 7,quantile,0.7,2016-03-26,2.220588692577832
2016-03-05,ili perc,3,HHS Region 7,quantile,0.75,2016-03-26,2.336748015187962
2016-03-05,ili perc,3,HHS Region 7,quantile,0.8,2016-03-26,2.4640610984130293
2016-03-05,ili perc,3,HHS Region 7,quantile,0.85,2016-03-26,2.61823977013064
2016-03-05,ili perc,3,HHS Region 7,quantile,0.9,2016-03-26,2.8552686440922463
2016-03-05,ili perc,3,HHS Region 7,quantile,0.95,2016-03-26,3.275554290174181
2016-03-05,ili perc,3,HHS Region 7,quantile,0.975,2016-03-26,3.935763096063672
2016-03-05,ili perc,3,HHS Region 7,quantile,0.99,2016-03-26,5.5077422092868185
2016-03-05,ili perc,4,HHS Region 7,quantile,0.01,2016-04-02,0.38321795770448736
2016-03-05,ili perc,4,HHS Region 7,quantile,0.025,2016-04-02,0.5525557480526855
2016-03-05,ili perc,4,HHS Region 7,quantile,0.05,2016-04-02,0.7413481182718423
2016-03-05,ili perc,4,HHS Region 7,quantile,0.1,2016-04-02,0.9524412610508916
2016-03-05,ili perc,4,HHS Region 7,quantile,0.15,2016-04-02,1.0739200516767122
2016-03-05,ili perc,4,HHS Region 7,quantile,0.2,2016-04-02,1.16508702682092
2016-03-05,ili perc,4,HHS Region 7,quantile,0.25,2016-04-02,1.2450403790750533
2016-03-05,ili perc,4,HHS Region 7,quantile,0.3,2016-04-02,1.3169922777738383
2016-03-05,ili perc,4,HHS Region 7,quantile,0.35,2016-04-02,1.391485565077503
2016-03-05,ili perc,4,HHS Region 7,quantile,0.4,2016-04-02,1.4643359074214768
2016-03-05,ili perc,4,HHS Region 7,quantile,0.45,2016-04-02,1.529500195363923
2016-03-05,ili perc,4,HHS Region 7,quantile,0.5,2016-04-02,1.6052431705862482
2016-03-05,ili perc,4,HHS Region 7,quantile,0.55,2016-04-02,1.6974394222547466
2016-03-05,ili perc,4,HHS Region 7,quantile,0.6,2016-04-02,1.799673870947379
2016-03-05,ili perc,4,HHS Region 7,quantile,0.65,2016-04-02,1.9212097946977449
2016-03-05,ili perc,4,HHS Region 7,quantile,0.7,2016-04-02,2.0504361469174177
2016-03-05,ili perc,4,HHS Region 7,quantile,0.75,2016-04-02,2.1440063496705606
2016-03-05,ili perc,4,HHS Region 7,quantile,0.8,2016-04-02,2.274414682051119
2016-03-05,ili perc,4,HHS Region 7,quantile,0.85,2016-04-02,2.436616098620605
2016-03-05,ili perc,4,HHS Region 7,quantile,0.9,2016-04-02,2.7239195478675673
2016-03-05,ili perc,4,HHS Region 7,quantile,0.95,2016-04-02,3.13262852576669
2016-03-05,ili perc,4,HHS Region 7,quantile,0.975,2016-04-02,3.735123604685717
2016-03-05,ili perc,4,HHS Region 7,quantile,0.99,2016-04-02,5.586918917533002
2016-03-05,ili perc,1,HHS Region 8,quantile,0.01,2016-03-12,1.1956592080184802
2016-03-05,ili perc,1,HHS Region 8,quantile,0.025,2016-03-12,1.379300976517161
2016-03-05,ili perc,1,HHS Region 8,quantile,0.05,2016-03-12,1.4713943108991197
2016-03-05,ili perc,1,HHS Region 8,quantile,0.1,2016-03-12,1.582239018191667
2016-03-05,ili perc,1,HHS Region 8,quantile,0.15,2016-03-12,1.6613626227219325
2016-03-05,ili perc,1,HHS Region 8,quantile,0.2,2016-03-12,1.7302765533249738
2016-03-05,ili perc,1,HHS Region 8,quantile,0.25,2016-03-12,1.7763548725779013
2016-03-05,ili perc,1,HHS Region 8,quantile,0.3,2016-03-12,1.8137670254734637
2016-03-05,ili perc,1,HHS Region 8,quantile,0.35,2016-03-12,1.8487063564478845
2016-03-05,ili perc,1,HHS Region 8,quantile,0.4,2016-03-12,1.881440155216729
2016-03-05,ili perc,1,HHS Region 8,quantile,0.45,2016-03-12,1.917261050577068
2016-03-05,ili perc,1,HHS Region 8,quantile,0.5,2016-03-12,1.9489877925247177
2016-03-05,ili perc,1,HHS Region 8,quantile,0.55,2016-03-12,1.984332404359084
2016-03-05,ili perc,1,HHS Region 8,quantile,0.6,2016-03-12,2.018464888946909
2016-03-05,ili perc,1,HHS Region 8,quantile,0.65,2016-03-12,2.052965928527109
2016-03-05,ili perc,1,HHS Region 8,quantile,0.7,2016-03-12,2.0996672567425896
2016-03-05,ili perc,1,HHS Region 8,quantile,0.75,2016-03-12,2.152856938326589
2016-03-05,ili perc,1,HHS Region 8,quantile,0.8,2016-03-12,2.2127334940001373
2016-03-05,ili perc,1,HHS Region 8,quantile,0.85,2016-03-12,2.29729379867412
2016-03-05,ili perc,1,HHS Region 8,quantile,0.9,2016-03-12,2.389414788506769
2016-03-05,ili perc,1,HHS Region 8,quantile,0.95,2016-03-12,2.5987758219746526
2016-03-05,ili perc,1,HHS Region 8,quantile,0.975,2016-03-12,2.8269665469126095
2016-03-05,ili perc,1,HHS Region 8,quantile,0.99,2016-03-12,4.236108269447586
2016-03-05,ili perc,2,HHS Region 8,quantile,0.01,2016-03-19,0.8993705666561974
2016-03-05,ili perc,2,HHS Region 8,quantile,0.025,2016-03-19,1.0163333531375918
2016-03-05,ili perc,2,HHS Region 8,quantile,0.05,2016-03-19,1.187300966119706
2016-03-05,ili perc,2,HHS Region 8,quantile,0.1,2016-03-19,1.3261114826268097
2016-03-05,ili perc,2,HHS Region 8,quantile,0.15,2016-03-19,1.4250958034947212
2016-03-05,ili perc,2,HHS Region 8,quantile,0.2,2016-03-19,1.512685169597121
2016-03-05,ili perc,2,HHS Region 8,quantile,0.25,2016-03-19,1.5853707182836088
2016-03-05,ili perc,2,HHS Region 8,quantile,0.3,2016-03-19,1.6557154019935745
2016-03-05,ili perc,2,HHS Region 8,quantile,0.35,2016-03-19,1.7062038650971594
2016-03-05,ili perc,2,HHS Region 8,quantile,0.4,2016-03-19,1.754680373027096
2016-03-05,ili perc,2,HHS Region 8,quantile,0.45,2016-03-19,1.8083051584360617
2016-03-05,ili perc,2,HHS Region 8,quantile,0.5,2016-03-19,1.8585336556607468
2016-03-05,ili perc,2,HHS Region 8,quantile,0.55,2016-03-19,1.912597640941561
2016-03-05,ili perc,2,HHS Region 8,quantile,0.6,2016-03-19,1.9621955805124565
2016-03-05,ili perc,2,HHS Region 8,quantile,0.65,2016-03-19,2.019124554292004
2016-03-05,ili perc,2,HHS Region 8,quantile,0.7,2016-03-19,2.0731396353730163
2016-03-05,ili perc,2,HHS Region 8,quantile,0.75,2016-03-19,2.137231513044377
2016-03-05,ili perc,2,HHS Region 8,quantile,0.8,2016-03-19,2.222139478713008
2016-03-05,ili perc,2,HHS Region 8,quantile,0.85,2016-03-19,2.336709970315726
2016-03-05,ili perc,2,HHS Region 8,quantile,0.9,2016-03-19,2.459441058376583
2016-03-05,ili perc,2,HHS Region 8,quantile,0.95,2016-03-19,2.691239249501659
2016-03-05,ili perc,2,HHS Region 8,quantile,0.975,2016-03-19,3.005945198199636
2016-03-05,ili perc,2,HHS Region 8,quantile,0.99,2016-03-19,4.500406483299646
2016-03-05,ili perc,3,HHS Region 8,quantile,0.01,2016-03-26,0.7159506293541431
2016-03-05,ili perc,3,HHS Region 8,quantile,0.025,2016-03-26,0.8607597916453698
2016-03-05,ili perc,3,HHS Region 8,quantile,0.05,2016-03-26,0.9950261816738304
2016-03-05,ili perc,3,HHS Region 8,quantile,0.1,2016-03-26,1.1563079987366531
2016-03-05,ili perc,3,HHS Region 8,quantile,0.15,2016-03-26,1.249713141150339
2016-03-05,ili perc,3,HHS Region 8,quantile,0.2,2016-03-26,1.331965681885411
2016-03-05,ili perc,3,HHS Region 8,quantile,0.25,2016-03-26,1.3991705061769442
2016-03-05,ili perc,3,HHS Region 8,quantile,0.3,2016-03-26,1.4514501675149096
2016-03-05,ili perc,3,HHS Region 8,quantile,0.35,2016-03-26,1.504511263416249
2016-03-05,ili perc,3,HHS Region 8,quantile,0.4,2016-03-26,1.5567250809302164
2016-03-05,ili perc,3,HHS Region 8,quantile,0.45,2016-03-26,1.6105238695656827
2016-03-05,ili perc,3,HHS Region 8,quantile,0.5,2016-03-26,1.6616816385704796
2016-03-05,ili perc,3,HHS Region 8,quantile,0.55,2016-03-26,1.7116477527477687
2016-03-05,ili perc,3,HHS Region 8,quantile,0.6,2016-03-26,1.7649674246503864
2016-03-05,ili perc,3,HHS Region 8,quantile,0.65,2016-03-26,1.8124513061163197
2016-03-05,ili perc,3,HHS Region 8,quantile,0.7,2016-03-26,1.8794594013954495
2016-03-05,ili perc,3,HHS Region 8,quantile,0.75,2016-03-26,1.9655210952078137
2016-03-05,ili perc,3,HHS Region 8,quantile,0.8,2016-03-26,2.0691843607352505
2016-03-05,ili perc,3,HHS Region 8,quantile,0.85,2016-03-26,2.1756223314465872
2016-03-05,ili perc,3,HHS Region 8,quantile,0.9,2016-03-26,2.3448291030376516
2016-03-05,ili perc,3,HHS Region 8,quantile,0.95,2016-03-26,2.64347315549613
2016-03-05,ili perc,3,HHS Region 8,quantile,0.975,2016-03-26,3.0545641393551666
2016-03-05,ili perc,3,HHS Region 8,quantile,0.99,2016-03-26,4.564975998434072
2016-03-05,ili perc,4,HHS Region 8,quantile,0.01,2016-04-02,0.6345029311843728
2016-03-05,ili perc,4,HHS Region 8,quantile,0.025,2016-04-02,0.7636831019951785
2016-03-05,ili perc,4,HHS Region 8,quantile,0.05,2016-04-02,0.8795171379859853
2016-03-05,ili perc,4,HHS Region 8,quantile,0.1,2016-04-02,1.0279704045962126
2016-03-05,ili perc,4,HHS Region 8,quantile,0.15,2016-04-02,1.131341105852556
2016-03-05,ili perc,4,HHS Region 8,quantile,0.2,2016-04-02,1.2000064089051057
2016-03-05,ili perc,4,HHS Region 8,quantile,0.25,2016-04-02,1.2583635074492217
2016-03-05,ili perc,4,HHS Region 8,quantile,0.3,2016-04-02,1.3177429277320527
2016-03-05,ili perc,4,HHS Region 8,quantile,0.35,2016-04-02,1.3772076490061542
2016-03-05,ili perc,4,HHS Region 8,quantile,0.4,2016-04-02,1.4331018664303607
2016-03-05,ili perc,4,HHS Region 8,quantile,0.45,2016-04-02,1.492037041434645
2016-03-05,ili perc,4,HHS Region 8,quantile,0.5,2016-04-02,1.5608630117862894
2016-03-05,ili perc,4,HHS Region 8,quantile,0.55,2016-04-02,1.6320260889901872
2016-03-05,ili perc,4,HHS Region 8,quantile,0.6,2016-04-02,1.6920849183394655
2016-03-05,ili perc,4,HHS Region 8,quantile,0.65,2016-04-02,1.7543664565106307
2016-03-05,ili perc,4,HHS Region 8,quantile,0.7,2016-04-02,1.82406096636956
2016-03-05,ili perc,4,HHS Region 8,quantile,0.75,2016-04-02,1.8968479249338952
2016-03-05,ili perc,4,HHS Region 8,quantile,0.8,2016-04-02,1.9778728856511456
2016-03-05,ili perc,4,HHS Region 8,quantile,0.85,2016-04-02,2.0818017925790913
2016-03-05,ili perc,4,HHS Region 8,quantile,0.9,2016-04-02,2.255375897977692
2016-03-05,ili perc,4,HHS Region 8,quantile,0.95,2016-04-02,2.6114362801922772
2016-03-05,ili perc,4,HHS Region 8,quantile,0.975,2016-04-02,3.0531375543334667
2016-03-05,ili perc,4,HHS Region 8,quantile,0.99,2016-04-02,4.630016887817265
2016-03-05,ili perc,1,HHS Region 9,quantile,0.01,2016-03-12,2.251394196167877
2016-03-05,ili perc,1,HHS Region 9,quantile,0.025,2016-03-12,2.4370279973228732
2016-03-05,ili perc,1,HHS Region 9,quantile,0.05,2016-03-12,2.674656851482029
2016-03-05,ili perc,1,HHS Region 9,quantile,0.1,2016-03-12,2.9530812447624344
2016-03-05,ili perc,1,HHS Region 9,quantile,0.15,2016-03-12,3.084745176391568
2016-03-05,ili perc,1,HHS Region 9,quantile,0.2,2016-03-12,3.17590831039486
2016-03-05,ili perc,1,HHS Region 9,quantile,0.25,2016-03-12,3.2427118758656888
2016-03-05,ili perc,1,HHS Region 9,quantile,0.3,2016-03-12,3.300975786110348
2016-03-05,ili perc,1,HHS Region 9,quantile,0.35,2016-03-12,3.3626986302014648
2016-03-05,ili perc,1,HHS Region 9,quantile,0.4,2016-03-12,3.410646360047037
2016-03-05,ili perc,1,HHS Region 9,quantile,0.45,2016-03-12,3.4698007372211475
2016-03-05,ili perc,1,HHS Region 9,quantile,0.5,2016-03-12,3.515900148853571
2016-03-05,ili perc,1,HHS Region 9,quantile,0.55,2016-03-12,3.5720238590411655
2016-03-05,ili perc,1,HHS Region 9,quantile,0.6,2016-03-12,3.622699017217177
2016-03-05,ili perc,1,HHS Region 9,quantile,0.65,2016-03-12,3.683197206038864
2016-03-05,ili perc,1,HHS Region 9,quantile,0.7,2016-03-12,3.749635852709326
2016-03-05,ili perc,1,HHS Region 9,quantile,0.75,2016-03-12,3.8239133262149223
2016-03-05,ili perc,1,HHS Region 9,quantile,0.8,2016-03-12,3.921005178389352
2016-03-05,ili perc,1,HHS Region 9,quantile,0.85,2016-03-12,4.061463409044358
2016-03-05,ili perc,1,HHS Region 9,quantile,0.9,2016-03-12,4.267993446959137
2016-03-05,ili perc,1,HHS Region 9,quantile,0.95,2016-03-12,4.60425993645518
2016-03-05,ili perc,1,HHS Region 9,quantile,0.975,2016-03-12,5.0172803810641815
2016-03-05,ili perc,1,HHS Region 9,quantile,0.99,2016-03-12,5.992604975154241
2016-03-05,ili perc,2,HHS Region 9,quantile,0.01,2016-03-19,1.8311336645245055
2016-03-05,ili perc,2,HHS Region 9,quantile,0.025,2016-03-19,2.0754631171127538
2016-03-05,ili perc,2,HHS Region 9,quantile,0.05,2016-03-19,2.2717968743952635
2016-03-05,ili perc,2,HHS Region 9,quantile,0.1,2016-03-19,2.533086601966703
2016-03-05,ili perc,2,HHS Region 9,quantile,0.15,2016-03-19,2.693710260114729
2016-03-05,ili perc,2,HHS Region 9,quantile,0.2,2016-03-19,2.813625046094339
2016-03-05,ili perc,2,HHS Region 9,quantile,0.25,2016-03-19,2.910294537732797
2016-03-05,ili perc,2,HHS Region 9,quantile,0.3,2016-03-19,2.9815791402404868
2016-03-05,ili perc,2,HHS Region 9,quantile,0.35,2016-03-19,3.066846778199084
2016-03-05,ili perc,2,HHS Region 9,quantile,0.4,2016-03-19,3.1470506753340506
2016-03-05,ili perc,2,HHS Region 9,quantile,0.45,2016-03-19,3.220361954199495
2016-03-05,ili perc,2,HHS Region 9,quantile,0.5,2016-03-19,3.2947541522707704
2016-03-05,ili perc,2,HHS Region 9,quantile,0.55,2016-03-19,3.36611969538699
2016-03-05,ili perc,2,HHS Region 9,quantile,0.6,2016-03-19,3.439195747433358
2016-03-05,ili perc,2,HHS Region 9,quantile,0.65,2016-03-19,3.529101132440882
2016-03-05,ili perc,2,HHS Region 9,quantile,0.7,2016-03-19,3.617140907371744
2016-03-05,ili perc,2,HHS Region 9,quantile,0.75,2016-03-19,3.7223524655561926
2016-03-05,ili perc,2,HHS Region 9,quantile,0.8,2016-03-19,3.845579776915307
2016-03-05,ili perc,2,HHS Region 9,quantile,0.85,2016-03-19,4.030801567620616
2016-03-05,ili perc,2,HHS Region 9,quantile,0.9,2016-03-19,4.278634847204476
2016-03-05,ili perc,2,HHS Region 9,quantile,0.95,2016-03-19,4.640831399722133
2016-03-05,ili perc,2,HHS Region 9,quantile,0.975,2016-03-19,5.1886078809024205
2016-03-05,ili perc,2,HHS Region 9,quantile,0.99,2016-03-19,6.387713254688183
2016-03-05,ili perc,3,HHS Region 9,quantile,0.01,2016-03-26,1.6042881561301667
2016-03-05,ili perc,3,HHS Region 9,quantile,0.025,2016-03-26,1.8065420561225003
2016-03-05,ili perc,3,HHS Region 9,quantile,0.05,2016-03-26,1.997606421708768
2016-03-05,ili perc,3,HHS Region 9,quantile,0.1,2016-03-26,2.2998458760370704
2016-03-05,ili perc,3,HHS Region 9,quantile,0.15,2016-03-26,2.4708200627721415
2016-03-05,ili perc,3,HHS Region 9,quantile,0.2,2016-03-26,2.5977618108478446
2016-03-05,ili perc,3,HHS Region 9,quantile,0.25,2016-03-26,2.6937621826996434
2016-03-05,ili perc,3,HHS Region 9,quantile,0.3,2016-03-26,2.7941771235262713
2016-03-05,ili perc,3,HHS Region 9,quantile,0.35,2016-03-26,2.883155284027424
2016-03-05,ili perc,3,HHS Region 9,quantile,0.4,2016-03-26,2.977633298823328
2016-03-05,ili perc,3,HHS Region 9,quantile,0.45,2016-03-26,3.0726609528224267
2016-03-05,ili perc,3,HHS Region 9,quantile,0.5,2016-03-26,3.159104021458084
2016-03-05,ili perc,3,HHS Region 9,quantile,0.55,2016-03-26,3.2623881654899103
2016-03-05,ili perc,3,HHS Region 9,quantile,0.6,2016-03-26,3.3435169358203107
2016-03-05,ili perc,3,HHS Region 9,quantile,0.65,2016-03-26,3.444111155088423
2016-03-05,ili perc,3,HHS Region 9,quantile,0.7,2016-03-26,3.5611901867686484
2016-03-05,ili perc,3,HHS Region 9,quantile,0.75,2016-03-26,3.702358413112981
2016-03-05,ili perc,3,HHS Region 9,quantile,0.8,2016-03-26,3.866929288641534
2016-03-05,ili perc,3,HHS Region 9,quantile,0.85,2016-03-26,4.066093537554999
2016-03-05,ili perc,3,HHS Region 9,quantile,0.9,2016-03-26,4.310864861714519
2016-03-05,ili perc,3,HHS Region 9,quantile,0.95,2016-03-26,4.802412910156334
2016-03-05,ili perc,3,HHS Region 9,quantile,0.975,2016-03-26,5.239946894410388
2016-03-05,ili perc,3,HHS Region 9,quantile,0.99,2016-03-26,6.49297712060361
2016-03-05,ili perc,4,HHS Region 9,quantile,0.01,2016-04-02,1.3244526904677825
2016-03-05,ili perc,4,HHS Region 9,quantile,0.025,2016-04-02,1.5688896198047055
2016-03-05,ili perc,4,HHS Region 9,quantile,0.05,2016-04-02,1.7286008472520342
2016-03-05,ili perc,4,HHS Region 9,quantile,0.1,2016-04-02,1.9750809916341
2016-03-05,ili perc,4,HHS Region 9,quantile,0.15,2016-04-02,2.1287961001502542
2016-03-05,ili perc,4,HHS Region 9,quantile,0.2,2016-04-02,2.257598680768454
2016-03-05,ili perc,4,HHS Region 9,quantile,0.25,2016-04-02,2.374798100109776
2016-03-05,ili perc,4,HHS Region 9,quantile,0.3,2016-04-02,2.484585121542603
2016-03-05,ili perc,4,HHS Region 9,quantile,0.35,2016-04-02,2.595772475633612
2016-03-05,ili perc,4,HHS Region 9,quantile,0.4,2016-04-02,2.704852531191581
2016-03-05,ili perc,4,HHS Region 9,quantile,0.45,2016-04-02,2.806749424705719
2016-03-05,ili perc,4,HHS Region 9,quantile,0.5,2016-04-02,2.898949726735472
2016-03-05,ili perc,4,HHS Region 9,quantile,0.55,2016-04-02,3.011617905812439
2016-03-05,ili perc,4,HHS Region 9,quantile,0.6,2016-04-02,3.118517503531081
2016-03-05,ili perc,4,HHS Region 9,quantile,0.65,2016-04-02,3.224310288531094
2016-03-05,ili perc,4,HHS Region 9,quantile,0.7,2016-04-02,3.364918242126774
2016-03-05,ili perc,4,HHS Region 9,quantile,0.75,2016-04-02,3.489463807337191
2016-03-05,ili perc,4,HHS Region 9,quantile,0.8,2016-04-02,3.673819798764249
2016-03-05,ili perc,4,HHS Region 9,quantile,0.85,2016-04-02,3.866303077250432
2016-03-05,ili perc,4,HHS Region 9,quantile,0.9,2016-04-02,4.134533318864797
2016-03-05,ili perc,4,HHS Region 9,quantile,0.95,2016-04-02,4.521601411008699
2016-03-05,ili perc,4,HHS Region 9,quantile,0.975,2016-04-02,5.1272373858787645
2016-03-05,ili perc,4,HHS Region 9,quantile,0.99,2016-04-02,6.3738780822810535
2016-03-05,ili perc,1,US National,quantile,0.01,2016-03-12,2.4451005969727233
2016-03-05,ili perc,1,US National,quantile,0.025,2016-03-12,2.5738433314810485
2016-03-05,ili perc,1,US National,quantile,0.05,2016-03-12,2.695565288894294
2016-03-05,ili perc,1,US National,quantile,0.1,2016-03-12,2.821723503072406
2016-03-05,ili perc,1,US National,quantile,0.15,2016-03-12,2.890642536450962
2016-03-05,ili perc,1,US National,quantile,0.2,2016-03-12,2.9762029079797663
2016-03-05,ili perc,1,US National,quantile,0.25,2016-03-12,3.0326144611708776
2016-03-05,ili perc,1,US National,quantile,0.3,2016-03-12,3.084736422339197
2016-03-05,ili perc,1,US National,quantile,0.35,2016-03-12,3.1263145661616223
2016-03-05,ili perc,1,US National,quantile,0.4,2016-03-12,3.162802399301774
2016-03-05,ili perc,1,US National,quantile,0.45,2016-03-12,3.198026563085525
2016-03-05,ili perc,1,US National,quantile,0.5,2016-03-12,3.2331520123215243
2016-03-05,ili perc,1,US National,quantile,0.55,2016-03-12,3.273582619184327
2016-03-05,ili perc,1,US National,quantile,0.6,2016-03-12,3.308363808207912
2016-03-05,ili perc,1,US National,quantile,0.65,2016-03-12,3.3530531554595657
2016-03-05,ili perc,1,US National,quantile,0.7,2016-03-12,3.3971033542568576
2016-03-05,ili perc,1,US National,quantile,0.75,2016-03-12,3.4490355958928114
2016-03-05,ili perc,1,US National,quantile,0.8,2016-03-12,3.518210842487867
2016-03-05,ili perc,1,US National,quantile,0.85,2016-03-12,3.6061891424105728
2016-03-05,ili perc,1,US National,quantile,0.9,2016-03-12,3.713126050564765
2016-03-05,ili perc,1,US National,quantile,0.95,2016-03-12,3.868145053282403
2016-03-05,ili perc,1,US National,quantile,0.975,2016-03-12,4.036545576850728
2016-03-05,ili perc,1,US National,quantile,0.99,2016-03-12,4.830546319014609
2016-03-05,ili perc,2,US National,quantile,0.01,2016-03-19,2.0134331652667856
2016-03-05,ili perc,2,US National,quantile,0.025,2016-03-19,2.175365568152203
2016-03-05,ili perc,2,US National,quantile,0.05,2016-03-19,2.2833702758681063
2016-03-05,ili perc,2,US National,quantile,0.1,2016-03-19,2.4557133239325113
2016-03-05,ili perc,2,US National,quantile,0.15,2016-03-19,2.5472243131726526
2016-03-05,ili perc,2,US National,quantile,0.2,2016-03-19,2.627029607975083
2016-03-05,ili perc,2,US National,quantile,0.25,2016-03-19,2.707212818298775
2016-03-05,ili perc,2,US National,quantile,0.3,2016-03-19,2.772754157222044
2016-03-05,ili perc,2,US National,quantile,0.35,2016-03-19,2.8305799677282413
2016-03-05,ili perc,2,US National,quantile,0.4,2016-03-19,2.880389368215166
2016-03-05,ili perc,2,US National,quantile,0.45,2016-03-19,2.9319587421778803
2016-03-05,ili perc,2,US National,quantile,0.5,2016-03-19,2.984829422284516
2016-03-05,ili perc,2,US National,quantile,0.55,2016-03-19,3.034526973457112
2016-03-05,ili perc,2,US National,quantile,0.6,2016-03-19,3.0905832850726
2016-03-05,ili perc,2,US National,quantile,0.65,2016-03-19,3.1481303702664634
2016-03-05,ili perc,2,US National,quantile,0.7,2016-03-19,3.2243941326716534
2016-03-05,ili perc,2,US National,quantile,0.75,2016-03-19,3.3109081814357646
2016-03-05,ili perc,2,US National,quantile,0.8,2016-03-19,3.4007547655137484
2016-03-05,ili perc,2,US National,quantile,0.85,2016-03-19,3.500065094898904
2016-03-05,ili perc,2,US National,quantile,0.9,2016-03-19,3.625372568127236
2016-03-05,ili perc,2,US National,quantile,0.95,2016-03-19,3.8792231106729846
2016-03-05,ili perc,2,US National,quantile,0.975,2016-03-19,4.146009415168211
2016-03-05,ili perc,2,US National,quantile,0.99,2016-03-19,5.189830094511677
2016-03-05,ili perc,3,US National,quantile,0.01,2016-03-26,1.7164751603431407
2016-03-05,ili perc,3,US National,quantile,0.025,2016-03-26,1.859287681777475
2016-03-05,ili perc,3,US National,quantile,0.05,2016-03-26,2.0132242233283706
2016-03-05,ili perc,3,US National,quantile,0.1,2016-03-26,2.163794569178876
2016-03-05,ili perc,3,US National,quantile,0.15,2016-03-26,2.26677333179669
2016-03-05,ili perc,3,US National,quantile,0.2,2016-03-26,2.362539818717083
2016-03-05,ili perc,3,US National,quantile,0.25,2016-03-26,2.4402997505133612
2016-03-05,ili perc,3,US National,quantile,0.3,2016-03-26,2.5209508477836073
2016-03-05,ili perc,3,US National,quantile,0.35,2016-03-26,2.590000712821535
2016-03-05,ili perc,3,US National,quantile,0.4,2016-03-26,2.6504383054240184
2016-03-05,ili perc,3,US National,quantile,0.45,2016-03-26,2.7136500164173505
2016-03-05,ili perc,3,US National,quantile,0.5,2016-03-26,2.7796697882489187
2016-03-05,ili perc,3,US National,quantile,0.55,2016-03-26,2.8384277876868844
2016-03-05,ili perc,3,US National,quantile,0.6,2016-03-26,2.9055906398629734
2016-03-05,ili perc,3,US National,quantile,0.65,2016-03-26,2.981546480367384
2016-03-05,ili perc,3,US National,quantile,0.7,2016-03-26,3.0602424260885828
2016-03-05,ili perc,3,US National,quantile,0.75,2016-03-26,3.135780440446553
2016-03-05,ili perc,3,US National,quantile,0.8,2016-03-26,3.221965703292911
2016-03-05,ili perc,3,US National,quantile,0.85,2016-03-26,3.349674726992524
2016-03-05,ili perc,3,US National,quantile,0.9,2016-03-26,3.5192471411438753
2016-03-05,ili perc,3,US National,quantile,0.95,2016-03-26,3.8410195758249017
2016-03-05,ili perc,3,US National,quantile,0.975,2016-03-26,4.172727225758746
2016-03-05,ili perc,3,US National,quantile,0.99,2016-03-26,5.489143194005657
2016-03-05,ili perc,4,US National,quantile,0.01,2016-04-02,1.4610906870593023
2016-03-05,ili perc,4,US National,quantile,0.025,2016-04-02,1.6182139928792154
2016-03-05,ili perc,4,US National,quantile,0.05,2016-04-02,1.7730459033557475
2016-03-05,ili perc,4,US National,quantile,0.1,2016-04-02,1.9408185674519045
2016-03-05,ili perc,4,US National,quantile,0.15,2016-04-02,2.0564781858498686
2016-03-05,ili perc,4,US National,quantile,0.2,2016-04-02,2.151066780804283
2016-03-05,ili perc,4,US National,quantile,0.25,2016-04-02,2.2384386885842944
2016-03-05,ili perc,4,US National,quantile,0.3,2016-04-02,2.311771387543657
2016-03-05,ili perc,4,US National,quantile,0.35,2016-04-02,2.384677067213309
2016-03-05,ili perc,4,US National,quantile,0.4,2016-04-02,2.4518358793462065
2016-03-05,ili perc,4,US National,quantile,0.45,2016-04-02,2.5187652526974853
2016-03-05,ili perc,4,US National,quantile,0.5,2016-04-02,2.581362865226285
2016-03-05,ili perc,4,US National,quantile,0.55,2016-04-02,2.6516802213892614
2016-03-05,ili perc,4,US National,quantile,0.6,2016-04-02,2.7253413612872683
2016-03-05,ili perc,4,US National,quantile,0.65,2016-04-02,2.79837484057311
2016-03-05,ili perc,4,US National,quantile,0.7,2016-04-02,2.8787734820795214
2016-03-05,ili perc,4,US National,quantile,0.75,2016-04-02,2.975809800864618
2016-03-05,ili perc,4,US National,quantile,0.8,2016-04-02,3.091157015519157
2016-03-05,ili perc,4,US National,quantile,0.85,2016-04-02,3.2255807167146524
2016-03-05,ili perc,4,US National,quantile,0.9,2016-04-02,3.423794658353378
2016-03-05,ili perc,4,US National,quantile,0.95,2016-04-02,3.79875744860512
2016-03-05,ili perc,4,US National,quantile,0.975,2016-04-02,4.256545108738257
2016-03-05,ili perc,4,US National,quantile,0.99,2016-04-02,5.714602006784287
